6071948235
6354890712
6052894317
6105893724
6239415087
6524039187
6578241039
6783015429
6490275138
6897051324
6830279514
6073128594
6382401579
6157039428
6239184750
6372948510
6510843972
6179803254
6108725943
6038521974
6823901547
6028493751
6219354078
6827049315
6312048759
6123805794
6054819237
6472538091
6190745283
6589071432
6950473128
6208579143
6758921304
6207815943
6419837502
6027453819
6842175930
6205137984
6842350971
6892340175
6951730482
6495078213
6479853201
6870153942
6120598734
6783590142
6270193584
6284730591
6157420389
6713892045
6430718259
6123478059
6458219703
6952108347
6194025387
6573190248
6527983401
6230178459
6821349570
6945170328
6823495710
6432507189
6359471082
6953812407
6793458102
6430279185
6745812309
6820947315
6509138247
6387109452
6137580492
6075421389
6537409218
6415097823
6105379284
6098473125
6492058371
6824359710
6950148723
6407538129
6741938520
6209134857
6493758021
6280475913
6198372045
6739845021
6043957821
6194720385
6258140937
6407813952
6273195408
6578920413
6709421835
6831570294
6745312890
6479508123
6283170495
6549017823
6428170953
6013925874
6320784195
6502491378
6248915370
6301745829
6251984073
6713029584
6349581027
6425910378
6894310752
6428971305
6895143270
6820375419
6457902183
6041893527
6724158903
6302195748
6907243815
6948017523
6324758910
6245897103
6847513902
6845392107
6941528703
6297381054
6501239487
6172489350
6854109327
6281957043
6574209318
6924180735
6491708325
6980135742
6928073415
6348250791
6924501378
6405217893
6538249017
6395072148
6189230475
6725893410
6015423978
6528037149
6437895102
6921374805
6918270534
6485092713
6438195207
6910378425
6357928401
6208154937
6345072189
6402951873
6913072485
6423957081
6217834095
6502174398
6459380712
6194528730
6358970142
6398250174
6729058134
6852093147
6571409823
6104238579
6087954312
6498301752
6537842901
6903241857
6284507139
6432987501
6401782953
6891743250
6298715034
6714205893
6490123785
6014923785
6701482593
6074251938
6153704298
6250347891
6781920435
6812537049
6807594231
6730192584
6102894753
6509713284
6748319025
6047139285
6714352809
6915702483
6785420139
6451893702
6341807925
6524730981
6598437012
6902874531
6531098724
6315497280
6014578923
6941078235
6071524938
6324879501
6472583019
6872105349
6278950314
6903274185
6453871920
6285149370
6038471592
6592103487
6723198504
6385092174
6293870451
6542871093
6783495120
6078591423
6573410298
6247510893
6753918024
6397824015
6814507239
6204759318
6539847201
6018352479
6803519472
6741832950
6250987314
6379251480
6820594173
6032847159
6370519824
6137294508
6817920543
6182507934
6829034571
6781205493
6783159420
6124753980
6593871420
6810972354
6059287314
6431589270
6378145092
6054928173
6940328175
6945371208
6905812743
6719428305
6214937085
6795081432
6984325071
6520479381
6358742019
6894273015
6720849135
6902381547
6507182394
6409137582
6082537149
6192543807
6278149053
6140839275
6324195087
6085497231
6591340278
6947128530
6514802739
6975132480
6827539014
6017589342
6983201457
6941802735
6508213749
6908573412
6519302784
6802571943
6085147392
6924731850
6928145073
6170532489
6938524071
6942803715
6784123590
6043721859
6419057823
6194087532
6270159384
6217598304
6341708259
6425793180
6018295347
6179534820
6517934802
6512708439
6198405273
6310425798
6190237485
6837104259
6573982014
6158034297
6907152438
6257049381
6073425189
6048927153
6802435719
6927815403
6527490318
6903584172
6398754012
6098345217
6480735912
6210397845
6435809172
6219435807
6913540872
6814239057
6205381947
6937502814
6913042587
6985472310
6435108729
6974031528
6890274315
6032874195
6953712048
6192438057
6817935024
6420983517
6428510397
6274359801
6905324187
6305124879
6504397281
6940832715
6725184930
6182905374
6824501739
6517894302
6012597348
6048751932
6914785203
6015279348
6324019587
6528193407
6789125304
6239154807
6170382549
6257839014
6170483529
6752108943
6297314508
6207531984
6370254981
6537180294
6392710485
6902184537
6854271903
6914358207
6390571428
6890125374
6102347895
6091528374
6301748295
6708923415
6395704281
6059712483
6178203594
6857401293
6470592318
6302517489
6235107849
6934250871
6752480139
6950281347
6491287530
6708214935
6719583042
6841253709
6183507924
6401582937
6258473910
6378951024
6573109284
6891023475
6914283507
6032914578
6283957041
6183974502
6290581347
6938201457
6840129573
6387510249
6139085724
6954728310
6548092371
6538421079
6905318742
6780241953
6524819037
6425038719
6254890137
6095342817
6479530281
6571802493
6935184270
6954830721
6827054391
6037958421
6451973802
6487325109
6587204319
6125097348
6072435819
6478502931
6248350179
6591074832
6937051428
6380197245
6905172834
6708159432
6182574039
6253817940
6375019248
6130982745
6347802951
6471389025
6928473051
6973512048
6705329184
6427310895
6823194507
6057149328
6905837412
6903157824
6748052139
6827590413
6547890231
6819347502
6527804139
6498325017
6358907421
6029148357
6912734805
6841503729
6340192758
6479015823
6014389527
6987503421
6047193582
6207381459
6548271930
6891043257
6057291348
6920571834
6029374185
6593048217
6189247530
6492037158
6053427189
6587912340
6804529317
6908754123
6054178239
6380451297
6983127054
6942305781
6098713542
6248913570
6354821079
6175309428
6805319724
6581704329
6925718034
6049873125
6548137902
6809531274
6082571439
6798314025
6753819420
6142375890
6459371280
6248735109
6493057218
6852791043
6182345709
6380459217
6745092813
6849723510
6740839152
6085493271
6492031875
6823507194
6509431728
6132847059
6947312850
6385412970
6270458913
6879314250
6905813427
6048915372
6817429530
6210834759
6159837420
6314708592
6350492781
6057241839
6783249150
6291307584
6985231407
6532897410
6801574293
6925034871
6952184073
6435079812
6390241875
6350284197
6312457089
6259130874
6179042358
6297530184
6892057134
6842317059
6598013427
6051847239
6179825304
6345981270
6351847209
6957420318
6150823497
6084217359
6487930215
6847350129
6347210958
6098274351
6081375942
6385047921
6198754032
6895102437
6132097458
6209381475
6172385490
6518023947
6508217493
6289175430
6397041528
6790418352
6309127485
6315479802
6835901724
6287054139
6425138790
6380572491
6083145972
6932854071
6251703849
6475391208
6271093458
6938125407
6397854210
6812359074
6932710485
6354129708
6509412783
6843715029
6854193027
6719043258
6143085972
6192548037
6738540291
6234715098
6190287534
6829570341
6132459708
6593147802
6317548902
6329081574
6429318705
6015923748
6584301972
6741598023
6597423801
6073285941
6413790528
6987013245
6975238410
6840935172
6874059312
6291034875
6853970214
6143725908
6803192745
6201753498
6795231084
6401873259
6438170925
6197382450
6487192305
6349580721
6725014839
6902347185
6284103597
6492038715
6592874130
6921380574
6598421730
6209715843
6745298130
6937154280
6539841702
6385021749
6257804391
6439057128
6897104532
6732485091
6521394870
6403879251
6024175893
6387240195
6134250978
6954018732
6891740352
6037259418
6390857241
6438197025
6132987405
6085714293
6598072413
6580241973
6532498701
6705189234
6478139025
6391258047
6174092835
6105249873
6739520184
6517980423
6583149720
6031527489
6127953408
6752134980
6892734510
6103428975
6825403917
6923401578
6910348257
6425183097
6249781503
6123785409
6820743519
6352187049
6830179452
6781439520
6415723980
6172089345
6405392178
6407123598
6537802194
6107459238
6907348521
6857039421
6153294870
6752108439
6710854932
6027495831
6784259103
6840752319
6190784352
6193075842
6592407813
6150824397
6892045137
6489017235
6453098271
6470981352
6582719403
6153402987
6159084723
6107325849
6792105348
6175830249
6170423958
6597083214
6938401527
6571034298
6429087351
6043852971
6250791834
6752314908
6981027345
6127084395
6837250491
6538021479
6378592014
6305128497
6150487293
6842507931
6320785941
6593401872
6981074235
6250894731
6380594127
6253098174
6371089254
6901348275
6048931257
6379508124
6140398572
6025941378
6279348105
6503127498
6052178394
6583710942
6057834912
6350821479
6341725089
6854792130
6703854912
6150324789
6248057319
6893457201
6297850431
6143857920
6084512793
6104957823
6092418735
6279308541
6498521703
6983051247
6073584912
6203519874
6594281307
6315290784
6358297140
6978015243
6972034518
6803759142
6523419870
6937521048
6319240587
6257841390
6834297510
6320459781
6842509173
6153920748
6978315204
6104523879
6745310982
6421907583
6817394205
6782015934
6293874105
6394810752
6589124037
6083514927
6930821547
6789213504
6487203159
6814752390
6312807594
6371549028
6423705819
6192507843
6129074835
6842759310
6298143750
6102753894
6325480917
6923817450
6549827310
6839451207
6123940587
6194025387
6809124753
6532710948
6932805471
6024513879
6514378902
6543290817
6820391574
6137840592
6435701298
6528073491
6894302175
6134892057
6147829350
6205197834
6250174938
6218750493
6492370851
6905341287
6273815940
6573821049
6479512830
6291354780
6429135708
6871294350
6970834125
6872301495
6975480213
6794531820
6387409512
6107943852
6403582791
6271485093
6970514328
6785493210
6320157498
6849235071
6845120937
6087345912
6307594182
6275013498
6489705321
6584932701
6473820159
6875190243
6519704238
6420913587
6098734215
6179420583
6821740359
6027583194
6714502938
6283104759
6052847319
6509821734
6184793052
6450138972
6820135749
6913580472
6481259307
6305824197
6981035742
6375180249
6905834721
6329458017
6357128049
6529874031
6572180934
6371249580
6741590238
6017852943
6498053712
6951472380
6279458031
6147503289
6087512349
6281749053
6437580912
6475120983
6743825901
6215907348
6127380549
6724013985
6541720983
6348510792
6279840135
6790852431
6147908352
6012459783
6358217049
6102583974
6039274158
6451932870
6807452913
6245180397
6934180572
6891540237
6370945821
6495830217
6918025734
6820471359
6475123089
6315704289
6495820371
6150398742
6384209571
6418370295
6894015273
6928547013
6850471239
6957082143
6045783291
6183975204
6849735021
6782031954
6492570183
6742801359
6549012783
6983107524
6547230198
6024793815
6721308954
6504129738
6015983742
6489235107
6281057934
6841329750
6415970382
6820931574
6834501927
6190753824
6907248153
6417389520
6983540721
6832407519
6305174298
6573194802
6457238109
6951472803
6027843915
6129703845
6597280134
6703192845
6029143578
6438205179
6253890417
6357084291
6028193475
6183507249
6593042871
6247158039
6045378219
6527810934
6831520497
6391278450
6843721950
6109723854
6302584971
6105748293
6908253174
6532098471
6948051372
6318097254
6713428509
6895471302
6824195703
6087539421
6107384295
6045183792
6048137529
6028934571
6085192347
6897140235
6243570198
6458021397
6251370984
6589210374
6280974351
6089317425
6579830124
6783102954
6350291748
6047581329
6748320519
6791824350
6153748902
6519782430
6752498310
6845103297
6750143289
6829751340
6587140293
6908513427
6458710239
6219305874
6382905471
6840531729
6821054793
6137095284
6298031754
6504871932
6835972410
6159038274
6745012398
6804352971
6913748520
6708134259
6508943127
6294573810
6274953108
6325918407
6230895741
6087415329
6912357408
6472890513
6098354172
6981257403
6149750382
6753418209
6024591783
6734128950
6389215047
6751820394
6539248710
6283147095
6028594173
6419083275
6510249837
6742953810
6183725094
6735029418
6849215730
6413902578
6184327950
6793028541
6273815904
6031892475
6570184923
6159803427
6472583019
6287351940
6539408172
6841952307
6548120379
6325791084
6570983214
6825301497
6451308279
6492780315
6391827054
6570891324
6143507928
6832517490
6213870459
6981307425
6704983521
6085739412
6530497812
6285130794
6712390458
6901435827
6032971458
6243198507
6709534128
6075321948
6270839451
6580493271
6742853901
6251809734
6078143295
6834150792
6738245901
6291853704
6453879210
6475309218
6890143257
6078945312
6938751240
6740598312
6438501279
6419038572
6104278359
6734519028
6518937240
6857129430
6980231547
6092835174
6048215379
6340879215
6081294735
6307458219
6579438120
6123974085
6970135428
6892513704
6287591034
6830142759
6598173402
6953847201
6827039451
6193485072
6354182709
6402583917
6135708924
6241738059
6095128347
6403281759
6839704512
6031958472
6397014852
6581027394
6403725981
6801753249
6017524398
6908542371
6853427019
6508137492
6039482571
6048972531
6051743289
6578312904
6804132795
6037829154
6182754309
6832901457
6042739851
6423795810
6570198432
6350984712
6875140932
6239847510
6421587309
6205471893
6230195478
6713950482
6832450719
6523180974
6951348027
6385790124
6975231408
6381249075
6370295148
6971254038
6498532710
6182790354
6279854013
6074938215
6105389724
6870531924
6183590274
6240981357
6501892743
6470159832
6178059432
6572084139
6452783910
6908547123
6132804957
6785490123
6083497125
6987142053
6732089145
6275149380
6210835794
6274530891
6495387102
6901853247
6598231047
6134987052
6735942108
6891023457
6408723591
6405213897
6402395781
6973528140
6731204958
6027159384
6172594308
6127045983
6547023198
6471350928
6297510843
6582049731
6042731985
6785210934
6539270814
6782019354
6532891074
6592187034
6793581420
6482935170
6418230975
6938150427
6920871435
6857910324
6270183459
6123047589
6845910273
6758041392
6081459732
6728530914
6042573918
6795081243
6849305127
6219803754
6372051849
6754031829
6904351728
6318425790
6317048295
6734129508
6970584312
6372980415
6517349820
6974085123
6728039451
6247035198
6792415308
6925108374
6827510493
6823904751
6452089317
6490325178
6149852037
6854290371
6572139084
6504923871
6274985301
6278401395
6187420395
6815907234
6059842713
6478390215
6410938572
6182047935
6175093248
6352704189
6328541097
6870359214
6407193258
6213087594
6982704153
6928473510
6319875042
6732815940
6045891273
6987412053
6793214850
6398210754
6549032781
6213850794
6728019354
6895104723
6537980241
6138425709
6314280975
6428903517
6908342751
6051237984
6043127598
6390451872
6837914520
6549023781
6594137280
6925708413
6495028731
6523178490
6402157389
6793285401
6143872059
6097351482
6892170543
6125843097
6951308472
6984725301
6913825704
6058314972
6187402953
6150798243
6419237085
6485913207
6783540912
6937524801
6471320589
6351807942
6590832147
6438015729
6875410329
6842913075
6923174058
6305947812
6023894715
6530814279
6138094572
6095847312
6584370921
6531097824
6025743819
6187209354
6835204719
6429817350
6740931285
6473810529
6587409231
6934058712
6734081259
6523798014
6384120795
6493082157
6172853409
6495170832
6507821943
6972380514
6738429015
6249178503
6159283470
6510249783
6295310748
6924375180
6492083715
6819370524
6782195403
6785314920
6859420317
6274905831
6487052913
6397215084
6058794321
6705419238
6482375019
6329014785
6149807352
6139208547
6410592873
6738941205
6205387491
6948031725
6453198027
6958134027
6328507941
6827954031
6230754819
6132794508
6370295841
6170983425
6798134052
6071895234
6785043192
6479120583
6250374891
6952834107
6715089324
6214835079
6415097328
6120489573
6504237891
6721345089
6857412309
6718203594
6752431098
6015239478
6132450789
6240983175
6175934802
6519034872
6385290714
6953071284
6032587914
6751320498
6149053782
6538019724
6089327145
6879314025
6720584139
6351204987
6721948053
6231507849
6210573849
6418073592
6490257318
6921387540
6913574280
6150248397
6704198532
6152834790
6875240391
6728409351
6895407132
6830795214
6052817439
6324957180
6518902473
6917520438
6471395280
6913207485
6021438597
6405893172
6903157824
6127380549
6508947213
6248530971
6395728140
6107953482
6084729135
6478159023
6758014923
6213904875
6592480173
6534912780
6471829035
6347890125
6340852179
6783120594
6832750194
6418075329
6903145782
6102739458
6790581243
6231587094
6418953207
6273401589
6804925713
6125807394
6324790518
6527819304
6071325948
6490317825
6302748591
6138947205
6930582741
6475302918
6391082754
6104237589
6315078492
6391587204
6380914527
6397185042
6507192834
6572843019
6378510924
6421837095
6027815493
6721348950
6208495371
6517349802
6259408371
6089437215
6507129348
6273591084
6298504137
6897315402
6294108753
6491305782
6042395871
6935017284
6213947058
6275013849
6245318097
6980745213
6749210835
6814309257
6018429375
6451823790
6983527014
6974185320
6590273184
6328714059
6973825410
6583207914
6301487259
6754830912
6374910852
6593081724
6928701534
6579384201
6541789320
6842905371
6957142830
6782013549
6785419023
6432970518
6139428570
6497358021
6921587034
6489751023
6719504238
6780293514
6243805917
6834201759
6218397045
6279438510
6825310947
6810245379
6251479083
6750824391
6834092715
6957413208
6793852041
6532097814
6319478025
6503147982
6137049258
6974280135
6135042798
6741058293
6471290385
6830912475
6925430718
6382159740
6785431902
6308719425
6743259081
6912435807
6942538017
6247058913
6710485239
6173254089
6572491803
6289713504
6598042713
6173082594
6387940251
6572394081
6049328751
6842391750
6537109248
6490583712
6257390481
6925487013
6108429573
6594032871
6231780945
6275918340
6439180527
6482510973
6790413852
6241930578
6278051934
6943280751
6592074318
6094382517
6805179342
6421037985
6923045871
6534182970
6907435812
6174850392
6019243578
6935401872
6498325710
6104839257
6294357018
6849217503
6123794850
6321587049
6124980735
6274980153
6307241598
6085942137
6054729831
6051897432
6370549281
6018237495
6017895243
6429783150
6489127305
6375298140
6438957102
6093715284
6218479305
6045317829
6102354879
6173508249
6938124570
6812507349
6582013749
6594230178
6970825314
6382475109
6541729083
6207584931
6752098341
6135940278
6213849705
6219387504
6851470392
6395781240
6137852094
6802153947
6509713284
6308952147
6875429301
6542837019
6201893745
6813905427
6159240738
6175420893
6941723085
6471059823
6805139724
6941738502
6194052873
6579482031
6459107328
6831094752
6794851032
6428175930
6591407328
6175402398
6504327189
6274105893
6790325841
6927043851
6975084312
6340928517
6903415872
6213759804
6081524397
6948502317
6042198753
6947028531
6132758049
6084935127
6753894012
6395427108
6073298514
6197804325
6354280179
6280947153
6318057942
6152947308
6724359810
6798241035
6018495327
6721349508
6710539842
6927381450
6982534017
6378052419
6095247183
6307841592
6378254190
6340219758
6523479180
6081247935
6053497128
6074198532
6480953721
6842395071
6519730824
6950841327
6098713542
6285049713
6294105837
6240531978
6341708592
6582307149
6201574839
6983207514
6402319785
6257340918
6489570231
6950431872
6420175893
6187354092
6571823409
6709513428
6534297180
6809541372
6509312784
6427103895
6735214089
6409273518
6589403172
6324187905
6512708439
6975243801
6213098547
6504987123
6510742893
6294385710
6704831592
6129074583
6093178542
6781032954
6879450123
6295801374
6538907214
6240195738
6714352089
6120458973
6583479120
6821579043
6708143925
6952810743
6025398174
6159482730
6021485397
6834502917
6483201795
6504283197
6327985401
6573420918
6481237095
6841237950
6794301852
6783510429
6250431798
6493725180
6075231849
6592713048
6425893107
6958240713
6897015423
6857043129
6940128375
6812359704
6351874902
6159037284
6402385197
6920457381
6503728491
6729541308
6937045218
6431908257
6841975023
6108257349
6452938710
6359710284
6538017429
6249810753
6032748519
6023851749
6275893410
6952084713
6278394150
6184792350
6073948512
6971328405
6123450798
6084792513
6041372985
6923845701
6231784509
6597038124
6241903758
6452837091
6084975132
6195243078
6537021849
6594308712
6957304182
6543029781
6437951820
6784920315
6841795023
6392814507
6479852103
6201579843
6094582173
6731450829
6821740953
6957408123
6019348725
6412875903
6304752891
6309581742
6730581492
6701249835
6078295431
6502987143
6508731924
6527834109
6937201548
6417293580
6401925873
6278319405
6194075238
6813095247
6731954802
6495371820
6584731092
6937480512
6735491820
6904738512
6587324019
6295401783
6523478091
6583192704
6953084721
6015378294
6387145209
6097231584
6105872439
6510894237
6851943702
6214385907
6057143928
6854073291
6934512870
6879510234
6379421508
6981247350
6950823147
6703958214
6107548923
6240581793
6042789351
6092134875
6205148397
6790412385
6594102738
6197324850
6934107528
6529713084
6743205819
6845017239
6571428390
6397154028
6821437059
6052194378
6238710594
6238047195
6392470815
6274310589
6578430912
6950437128
6457209138
6921473580
6023541789
6204938517
6402159378
6827503194
6238741095
6927810435
6094172358
6243918057
6370259148
6427518903
6270315489
6539402718
6178429530
6859140237
6157982034
6974215380
6372150849
6251840397
6935480271
6814953720
6470835129
6902581473
6954708231
6798432015
6518472903
6273194850
6821493570
6295374801
6249307851
6908432751
6214378095
6341752908
6971524038
6931827054
6947502138
6273085941
6790852134
6150374982
6857940312
6895431072
6054123978
6390428751
6415708329
6415907283
6023148795
6740835912
6028379514
6291453087
6748539201
6472831590
6098327415
6902178345
6354082971
6904872513
6108794523
6032958174
6421935708
6213405879
6507431982
6259374810
6490531872
6037285419
6305284971
6098157234
6759230814
6489701523
6580134279
6074512938
6903281745
6582907431
6745109238
6120957483
6910534278
6902873514
6514930872
6219834057
6872543109
6032871495
6510347829
6941302578
6307284951
6375810942
6412873059
6543798120
6780194253
6510492387
6824091375
6951807234
6429705138
6498537012
6125084793
6107824935
6471932058
6953208147
6784902153
6782591340
6195843072
6732481590
6791243805
6952748310
6172850439
6027193854
6037451982
6830457219
6391250784
6207458319
6534098127
6195820473
6584970231
6718903542
6481397205
6385714092
6819245370
6873401925
6019572384
6097845213
6039175824
6143079825
6315829407
6978542301
6492083751
6032457198
6947832051
6548712903
6219473058
6874153902
6910324758
6814972053
6023495817
6130985724
6870954231
6298415703
6479531280
6753810249
6159042378
6740813529
6017453982
6910487325
6253987410
6137028495
6219730845
6981043725
6249531087
6409378152
6041528397
6395281470
6348791502
6409823175
6920548731
6318907524
6970142358
6853021497
6437928501
6147302958
6827310495
6398754012
6950812437
6532079184
6427935108
6428905137
6927138504
6703489251
6083497251
6145023789
6387950421
6541708932
6013824795
6924371058
6321590487
6789213054
6018327459
6407839251
6295078431
6802175493
6953180724
6174950238
6280351947
6972043851
6419023578
6457089132
6370521984
6953208417
6307189542
6102578394
6438079521
6089135247
6150248793
6813942570
6320457819
6215089743
6204915738
6897341052
6201587943
6372051489
6231947850
6574328190
6859013274
6937124508
6423908517
6059214738
6835120749
6270315849
6189250437
6928053714
6592741830
6851709324
6529470138
6510924387
6834072951
6580312497
6170529384
6317042958
6370215849
6742150983
6209751483
6493251870
6053487912
6943802175
6372049185
6208157349
6901748532
6970352841
6481573290
6487531290
6528749013
6874539012
6745198203
6978501432
6571284093
6058293417
6123584970
6724308951
6124037589
6298074153
6023578941
6425739018
6819732450
6590378421
6502348791
6579432810
6382571940
6974085132
6705238914
6351087294
6240895137
6842953017
6572843091
6509481372
6291087345
6109278453
6324715908
6031945728
6872051943
6315874209
6721059483
6438095712
6925748130
6974108532
6528134097
6973280145
6253487091
6589473012
6581290347
6829714035
6910574823
6849571032
6075324918
6017428395
6547283019
6349081752
6834910725
6798230145
6259103487
6129854730
6318024597
6780915234
6730845921
6041397258
6412095837
6139428507
6143780952
6120349875
6204798153
6415908372
6912540837
6405289137
6201943875
6189243057
6837024519
6582043917
6512834097
6024395178
6859247130
6418325097
6527139084
6512870493
6352740918
6903258471
6403972185
6582374091
6851930274
6915304278
6840157392
6291573048
6519720348
6053741289
6487203915
6843159702
6254938107
6502318497
6458230179
6153789240
6438510279
6483917205
6859702134
6370948512
6205718394
6794018253
6193574208
6341259807
6578304219
6190854237
6390427518
6290748513
6149780253
6495172038
6598231740
6953812047
6152834970
6354102879
6572093841
6398157240
6749821053
6352140789
6178240395
6295714308
6238054917
6054379182
6795012483
6278304915
6431859072
6108379542
6179483052
6504713892
6754039182
6195230487
6325489170
6480193725
6197824350
6213498570
6543218097
6294750318
6412850793
6307859421
6258137904
6723015489
6730512984
6902754138
6708219453
6501834297
6527013498
6590478312
6214895730
6940378125
6184723509
6380925741
6804273159
6479502318
6519238047
6915803274
6207459318
6472510893
6924178503
6804591273
6230179485
6510798423
6870435921
6741509283
6052497381
6705489321
6057143289
6970543218
6201859437
6921843570
6327108594
6213074589
6701392548
6543890127
6829457130
6709258341
6287591304
6079815324
6405789231
6358907124
6209835147
6021958473
6538410792
6150247983
6485271093
6351728940
6793248150
6057894213
6491870325
6591804237
6271508943
6178432095
6385479012
6750349821
6291084735
6305498217
6135208497
6049837215
6358947021
6918470523
6750312849
6972480153
6809215743
6147239058
6538240179
6249807135
6459182307
6543012789
6031482957
6135489072
6390512487
6375198402
6259783410
6904832175
6092145837
6154278039
6537481029
6382194750
6081253794
6985724031
6104295387
6029183457
6574890321
6410537289
6457318902
6102385974
6254783091
6290783415
6831054927
6071398254
6035718492
6108743952
6813479025
6753841092
6720349815
6928310547
6925348701
6478951203
6357041829
6389702415
6972830541
6017425839
6917385420
6021935478
6375219048
6180249375
6549203718
6482093157
6178230954
6572813940
6921308754
6523491087
6129837045
6028937415
6492537810
6843205791
6710938254
6249057138
6403819725
6354087129
6815704329
6574980231
6971523480
6281703459
6301852497
6402813957
6451809372
6039784521
6584310729
6340572198
6983504172
6742059813
6382597410
6823457901
6257983401
6412708395
6137084295
6503492718
6549128730
6274591803
6158092374
6415790382
6327401985
6342980571
6017529834
6123890745
6475201839
6031954827
6793124058
6459307128
6094385127
6973524810
6034259781
6802139547
6854712930
6905724318
6419708532
6378950421
6704912835
6257408139
6845102379
6918052473
6318274509
6913048527
6382759014
6104273589
6287304951
6197452380
6315249807
6307489251
6480127395
6752843910
6201593748
6518320974
6437985210
6103945728
6742958013
6813704592
6107349528
6423780195
6751942803
6401938527
6308247951
6231478059
6985721304
6308492751
6437128059
6370459182
6103872495
6780143295
6132457890
6523910478
6472093158
6530948217
6871504293
6403198257
6975143208
6895130247
6890752143
6391857204
6543287901
6230984517
6179342580
6250931478
6275491308
6837950142
6702548391
6380129745
6279584031
6137250489
6192380754
6897024153
6592310487
6894572103
6419352870
6931047852
6923571480
6479051328
6310429578
6492870135
6132970548
6275019348
6271084395
6081453972
6728034159
6849102573
6395140278
6924738501
6839057421
6752391480
6158904327
6341295780
6219578043
6304721589
6340129857
6078953142
6938410257
6941035287
6594032187
6419580273
6178594230
6035871294
6874923051
6358914207
6345829701
6529718304
6428015397
6852109347
6031492857
6745138209
6017842539
6102753498
6509384712
6207431589
6912475083
6934852017
6302518974
6853042719
6810295437
6210734985
6249053187
6203154879
6035182947
6418530729
6539270814
6729501348
6814379052
6019347852
6437198502
6039872514
6238170459
6154082379
6594123708
6903184752
6093258714
6594830721
6459781203
6958743012
6084139257
6527130894
6820931475
6102578943
6187340952
6457398012
6452718093
6192540837
6209453781
6845017923
6801354279
6489723105
6928137045
6402135897
6432087195
6953402178
6078951234
6523108974
6520841937
6172890453
6592730148
6098571234
6738901425
6745308921
6128397405
6209837145
6481573029
6715034289
6387150429
6498513072
6193248057
6810293475
6935874120
6392410785
6341782095
6209581437
6743815920
6921543780
6153720489
6435891270
6235180794
6935701482
6148207359
6351489207
6749238501
6508347129
6305149782
6234057819
6038492517
6470295831
6453021897
6408253791
6579104328
6032947581
6012574398
6502784139
6301957428
6782345091
6480937251
6785309142
6582174903
6307981254
6825714309
6853094217
6709835412
6927580134
6382971450
6280457193
6540192387
6185902347
6037852149
6280349715
6892134507
6317894205
6504923871
6820473159
6519704382
6287531940
6315729804
6952038417
6548023971
6159348027
6527891043
6703298451
6827594310
6475930182
6049752831
6432570189
6894527310
6250389147
6435071982
6572014983
6712803495
6475301829
6908145372
6301842795
6984701532
6407283951
6059814723
6930215487
6582073491
6157204839
6028154379
6278531904
6081794325
6794381025
6375190428
6581394720
6294817053
6937280415
6703524198
6319405782
6153942078
6012489357
6439028175
6051234879
6792583014
6502837419
6534821970
6279035814
6307489521
6084952173
6980354271
6732510984
6104293857
6940175283
6412975038
6302748159
6214583097
6897210543
6453091287
6724095138
6987205413
6784329051
6241539708
6398042517
6539048271
6542398071
6725081493
6543291078
6372851094
6450837291
6178534209
6192043758
6251379084
6231547089
6135428907
6578024193
6892471530
6397512804
6571082439
6532107948
6801795342
6415783290
6934572801
6278913504
6241879053
6781203495
6157832094
6320745918
6108259743
6340825971
6457138920
6735912480
6592740813
6128503974
6982145073
6421059837
6978420513
6473521098
6857930124
6423875109
6531074892
6184703592
6825479310
6017325948
6391057284
6150928743
6472013958
6089735421
6125074938
6058417392
6398714502
6895047321
6524397018
6058237914
6403891752
6947012583
6937512084
6294183057
6437289150
6587342019
6820371459
6193287450
6975248013
6983514720
6170839542
6920584137
6391754280
6103592478
6951847032
6812437059
6139850247
6914750832
6514073289
6793401582
6485031297
6297531084
6243975801
6097834251
6094537218
6782943015
6128957034
6309824157
6938412705
6251394087
6845739120
6942853710
6241089375
6953147280
6129580734
6895134207
6213974058
6704893512
6903517842
6403589271
6938401527
6490512837
6743085219
6209758314
6245931087
6579204138
6097854312
6275843910
6401825937
6459813702
6027541839
6738102459
6938457201
6095318724
6923705814
6053421987
6985072143
6204715893
6312085479
6817423095
6271589403
6830157429
6251394078
6104238579
6384702951
6192735408
6379480152
6815497320
6579284130
6824371509
6982457130
6895017423
6597804213
6475390821
6108732954
6014759382
6894731502
6238054179
6108394725
6840219753
6075832194
6240891375
6372185409
6043157892
6912048735
6172048539
6285749013
6854930127
6153280479
6928405317
6802435791
6319278405
6429058317
6087152349
6430819725
6482973501
6092834571
6801273954
6210379584
6198372054
6978135204
6403897512
6712495803
6213549087
6317940825
6941385720
6415389027
6483012579
6047398521
6152084397
6985037421
6579380124
6823945710
6392401857
6290513478
6201578349
6801243597
6079182534
6104528379
6159023874
6084179235
6084327519
6495710238
6724053189
6905382471
6254871930
6521498037
6705342918
6573021948
6392704518
6275130984
6401273985
6803519274
6574291308
6510429738
6925703184
6831047295
6108534279
6851709324
6490785123
6524197803
6948751032
6243850971
6781240395
6758430192
6954370128
6209458731
6824901537
6497180352
6089532147
6903412875
6407539821
6597803142
6938140572
6187320459
6347298015
6319520847
6437508219
6579408321
6372415089
6274891053
6294105738
6035281974
6172450983
6543089712
6893104725
6709138452
6071952843
6321589047
6189370425
6709832154
6083974512
6752130984
6935271480
6583720491
6512098347
6802947315
6594873012
6729130458
6392715084
6750498213
6948012753
6583942710
6917420358
6927314850
6025871943
6879341205
6971853420
6941870325
6379524810
6328594107
6043782915
6940185327
6013298574
6102354987
6850243917
6057241389
6157083294
6908537124
6340827195
6285034197
6148325097
6057349281
6730182954
6340895217
6475320981
6728503941
6510237894
6593187024
6853024197
6470218593
6438092715
6148503792
6357012984
6098243571
6903785142
6792145038
6814935072
6981520743
6012975843
6184509273
6872109435
6094385127
6213094875
6497015283
6209813547
6783490215
6129403785
6719320548
6438257901
6327950841
6153024798
6910573248
6875190423
6709432185
6910827345
6034728195
6295840371
6279045183
6912845037
6129807534
6574821903
6204891573
6372591840
6489217305
6402987135
6102748953
6254387019
6982401375
6192837054
6103478295
6138472905
6158239047
6842715390
6172903485
6543807921
6198702534
6530917428
6913425087
6913584072
6241359870
6540238719
6487051329
6423570891
6509728134
6187532409
6520491378
6431820975
6340875219
6904712538
6972841053
6479185230
6859127043
6748931205
6172093548
6819372504
6931458702
6437509128
6725480391
6974315280
6021548973
6825490317
6094751382
6193574820
6208415973
6105748329
6820539417
6435901827
6305124798
6721539084
6192705384
6538790241
6193028457
6475283019
6731280945
6897251304
6053417928
6174092853
6540912837
6280451973
6508731924
6482957103
6029731458
6531927480
6482701539
6970482513
6192804357
6579410238
6701385924
6209158374
6580427931
6734582901
6478530192
6453891027
6094735281
6785021349
6139740582
6195723048
6975214803
6813294507
6582407913
6895407231
6027139548
6718359240
6943710285
6048579123
6570194238
6391507284
6591872403
6209571483
6281074395
6713958204
6431870259
6593218470
6092347815
6180452397
6835912704
6491587203
6209378154
6843791502
6308794152
6952780314
6498507132
6859147203
6378451920
6084213975
6410538297
6930784512
6058297143
6425197083
6729314508
6184729350
6297081345
6802153974
6319258470
6380597412
6543172089
6523978104
6357241890
6032718594
6582710394
6984023715
6125793084
6423097158
6194870235
6359480172
6978450312
6749853102
6472085319
6218934750
6742815093
6023894157
6537084219
6594370182
6534891072
6280437519
6239054871
6718350249
6128435079
6742905318
6537082914
6135079482
6018947253
6452078319
6351278490
6309125487
6459137820
6037241895
6385194027
6150274398
6104578392
6483975120
6032487195
6458321907
6385701294
6401289573
6578920314
6542789013
6284137059
6129758340
6158429370
6107825934
6379258140
6720948351
6289573140
6598124307
6537894201
6304782159
6783549210
6075219438
6871405923
6371905842
6287340519
6207359481
6702189435
6190325874
6521308794
6518293740
6347091528
6213978504
6905178324
6209134875
6325081497
6719238045
6143087295
6893714205
6980273145
6301425897
6312049758
6582397401
6875420391
6918023547
6843170295
6827915043
6920483175
6375042918
6384195207
6387210954
6974183052
6830219754
6425183709
6934158270
6015379248
6872401935
6431970582
6149870235
6850192734
6758349012
6185237094
6245307198
6835140729
6821750394
6239780541
6581420397
6087152439
6280513947
6489073251
6128790345
6789532140
6213549087
6587021493
6128304597
6845193027
6879430125
6951708432
6985107342
6392758041
6143572098
6078514932
6741938502
6214597380
6098547321
6917032485
6847130259
6538471902
6581794203
6472890531
6738492015
6984307512
6039574128
6947813250
6932418750
6847093512
6041359827
6395820714
6527908314
6359082174
6412930758
6032781954
6204951738
6058293174
6481902753
6098372145
6072985314
6194380527
6487531290
6415380279
6874120953
6578921043
6078549132
6749105823
6479318205
6081732954
6439071852
6702835914
6721905384
6823501479
6480315792
6435829071
6745092138
6081432597
6389572041
6075398214
6950781423
6598042371
6305819247
6081943752
6039742158
6951728043
6548217093
6925704138
6039158427
6812703459
6973401258
6093827415
6428057319
6509127834
6412875390
6391854072
6021379485
6419735082
6528049137
6410973258
6243917805
6851970324
6871590243
6259734180
6478019532
6245983701
6405971238
6309421785
6504782913
6132059487
6473158290
6581394270
6109245783
6192075438
6453217809
6830275491
6491583270
6579431280
6813702459
6123049857
6251430798
6975018234
6045297183
6580937421
6308712549
6705493812
6912347805
6051789342
6794385210
6912850473
6295340871
6149807235
6057394218
6205148379
6153480927
6349702851
6023571498
6950843172
6540182973
6819475203
6503142897
6147952830
6743801952
6528793014
6185327094
6280974531
6147529830
6015439728
6702493518
6578312490
6570391428
6419035872
6593840217
6795142038
6932504871
6371850924
6385729401
6801429735
6254879031
6147935280
6247190853
6510382749
6521930847
6598124370
6401978325
6583709412
6901237548
6543012879
6513829740
6380512479
6817239450
6315078492
6057438219
6481073952
6894370512
6504237891
6035978421
6835410792
6471983052
6439287051
6058912743
6593714802
6185374029
6023518974
6190875324
6178495032
6014829753
6713859024
6359812740
6239518407
6809742135
6832190574
6905487312
6832017459
6403712958
6317298045
6952713408
6183472095
6405319827
6190358742
6594328710
6017583249
6508342719
6782590314
6924810573
6912750843
6281540793
6523891470
6214839057
6542810739
6927835140
6870345291
6215430987
6910578423
6153084792
6413570298
6897530142
6928174305
6593801427
6897401235
6793824051
6527109843
6730912854
6038745921
6230784159
6897345102
6240859713
6532084971
6397051284
6082794135
6321057849
6954207813
6790351284
6320754819
6859413072
6347591082
6539784102
6583407129
6402837519
6905247183
6187403295
6285437910
6890531274
6408351927
6824570193
6214350897
6598132704
6735014298
6793428015
6578143209
6839205174
6403829157
6347590821
6580143972
6397485201
6954712038
6913524807
6173409852
6085297413
6321075849
6704859231
6105378942
6983724510
6945732108
6083945172
6120874359
6724598301
6103257948
6937215084
6093517248
6201859473
6308174925
6235891740
6751942380
6059721384
6720958341
6789415203
6705814329
6273584091
6249781053
6279508413
6809137542
6381570429
6354870912
6597431082
6873901542
6390821457
6408359127
6380952417
6812709453
6758294013
6241703589
6421830759
6145287039
6932148570
6508431297
6502897314
6023578149
6895134207
6537298410
6824709351
6538941027
6018329745
6743098125
6715409832
6230891475
6350719428
6324758190
6748152093
6832197405
6491738025
6947321805
6039871452
6287059134
6204397815
6519027438
6187932504
6958702413
6801327495
6079452138
6819023475
6312047985
6073154928
6803274951
6791024358
6013759824
6975314802
6823054791
6045189237
6534280719
6749150238
6021489537
6430912578
6985041723
6950827314
6917024385
6081793425
6785024391
6543209178
6291704583
6831042597
6140932785
6073195284
6203158974
6392580417
6279014583
6159840372
6037192458
6439517208
6802741935
6109528347
6320154897
6039175842
6824309571
6281034597
6497821305
6732918045
6047381295
6194503827
6498032571
6281945703
6849205713
6419027853
6897530421
6513298407
6832054719
6214950873
6851427039
6305249718
6130482957
6702918453
6891352407
6340872195
6097413852
6805319724
6958237104
6495120378
6419085273
6598172430
6421307598
6805917342
6329041758
6851027943
6520743198
6258309417
6243781509
6048159327
6137509428
6312590847
6897231054
6359472180
6714309285
6590817324
6427508193
6534902178
6213075489
6824357091
6530781429
6520943178
6021489573
6092751348
6382914057
6127839540
6745128930
6197028453
6527039481
6230189754
6492753081
6245980713
6802493175
6390485217
6537180429
6729310485
6129045873
6402517398
6091754328
6281439705
6931807452
6197803245
6357192804
6781254093
6741503829
6534189702
6432701598
6412578093
6732819450
6450213879
6209534178
6743581290
6802517934
6314097582
6594280173
6951782034
6024178395
6495023817
6158792304
6724910385
6705149823
6985034721
6420837159
6905423718
6872945301
6547302189
6924375801
6509783241
6254908317
6894173052
6940283517
6175203984
6748023591
6894715032
6048327519
6324710859
6307924851
6308412795
6570138942
6951043782
6035798241
6498523071
6435279180
6859103427
6592403781
6381045729
6053849721
6293487150
6721935480
6907145283
6809354127
6945310872
6451237908
6035928471
6130257948
6105924837
6973480125
6739842510
6490253817
6578412093
6742518309
6705892314
6174358209
6481273590
6472185093
6104795823
6728914305
6185290734
6042318795
6805314297
6829413750
6384710592
6735021498
6845172390
6912843705
6208745931
6981403752
6348250917
6078139425
6784293510
6304528791
6543189072
6327490185
6510289743
6943157208
6431085297
6290584713
6720394158
6748105932
6527840931
6503918742
6780512394
6021987435
6452371980
6580314729
6924715308
6431078259
6897354210
6157320489
6281479350
6820475139
6927401853
6497830512
6751943028
6328059174
6215834709
6194753820
6918250437
6045983127
6345920178
6798254310
6451073829
6752498031
6759103842
6408351729
6305247189
6845173920
6235478910
6495832710
6840175293
6170235948
6013859274
6041723598
6492370518
6723104958
6853401279
6197458032
6983145702
6402158793
6039571482
6289075413
6951407238
6890574321
6294830517
6027391548
6592074813
6589720413
6208793145
6374180952
6473201859
6125490837
6028317954
6308125947
6850347291
6735419082
6893150427
6057312948
6497531082
6490381752
6830457129
6219345780
6352018974
6879135402
6457982103
6983470512
6782049531
6094132857
6892143705
6381427095
6258107349
6795138042
6093784125
6820597413
6120583947
6107248935
6374215809
6730152984
6385714902
6247958013
6091583724
6398170524
6018497253
6130452987
6854039712
6043289175
6413279058
6482759301
6027139854
6783029514
6134890725
6374018592
6891320745
6108239457
6540913782
6498725130
6324951807
6302785941
6137248095
6053972184
6801753492
6723091845
6145239870
6893412705
6378194502
6571403892
6394715820
6035271849
6908413257
6518749023
6173928405
6132450897
6930175482
6405391872
6089174523
6032849517
6791504823
6170492835
6190725348
6027139854
6150324798
6419205837
6319802745
6731502498
6430897215
6713429805
6509387142
6354291708
6012357489
6372419058
6370894125
6249075138
6243507981
6103584792
6120798435
6785319042
6483127059
6210754389
6483902517
6538091274
6304895721
6749120853
6359417028
6429803175
6041289375
6478153920
6582947301
6035187249
6804359172
6529740138
6105972348
6315970842
6041532897
6510374829
6250174983
6187409352
6841527930
6135427809
6403251897
6940728315
6105378924
6294817035
6928703145
6870549213
6870421935
6719835402
6134850972
6941382075
6729453108
6152948730
6318452790
6521397084
6745891023
6597031248
6394801257
6435917082
6709532841
6284975031
6592748031
6250184937
6591024387
6950813274
6210879543
6592043781
6789324150
6027451839
6471935820
6327591480
6809425137
6130942587
6709153248
6803495721
6139407582
6092341875
6702948531
6095184327
6412730589
6398520714
6932758410
6258934170
6123807954
6912358740
6832405179
6192047358
6812049357
6452371089
6789150324
6024395817
6120857394
6257483910
6789402531
6572139804
6092813475
6319024785
6072145398
6284107359
6301849275
6815249730
6104892537
6813249705
6983501274
6374089215
6094215738
6783294015
6280473159
6015987243
6284053791
6587329401
6804971352
6350492871
6528947310
6493821705
6745812039
6379024815
6034782159
6809213547
6871924035
6205741398
6340215879
6341792805
6014527389
6827349051
6097823541
6380295417
6801924573
6725903841
6380125974
6023581479
6917432085
6954712038
6037218495
6930481572
6580712934
6085741932
6579208431
6831904275
6298301547
6385071924
6307259841
6035742891
6398401725
6085143927
6732590814
6758302941
6941327508
6910534278
6825409731
6314290578
6732805149
6140957823
6305247819
6823175904
6058243197
6843092571
6873512409
6019534278
6341950827
6931045278
6389214570
6074829351
6451372890
6925180437
6912387504
6218974503
6945328170
6357480912
6537420981
6495370182
6174982305
6910528743
6259803714
6492801357
6027143985
6958132407
6374925801
6904582713
6504192378
6502349187
6234078159
6037894125
6310728549
6470583912
6029178534
6137094258
6089327451
6705931284
6508234179
6412793850
6412087935
6972831045
6315780294
6350972418
6514807392
6748315092
6914250783
6587041329
6387240519
6023754981
6847310529
6497235801
6920817543
6978413205
6218503497
6134587029
6457320918
6715249308
6742039185
6341705829
6458093217
6478930521
6138402975
6452073918
6385127904
6179820354
6719435820
6043182759
6870915432
6758129340
6079815432
6943501827
6240713598
6052817493
6902537184
6941823750
6435921870
6245901873
6289473051
6824719305
6359712408
6257430198
6542739801
6952073814
6594172803
6304958721
6795102384
6284709153
6049753281
6971085342
6054371892
6452309187
6127458039
6108439572
6795084321
6890432157
6425387190
6430852179
6405371289
6427091538
6750198342
6081432795
6543810729
6340798251
6028319475
6479230518
6184257930
6830592714
6584201379
6197543280
6349285170
6825409137
6392410758
6289347015
6289507143
6251794038
6109284753
6720948513
6012943857
6583294710
6471538029
6931782504
6091752483
6289710453
6139052784
6150473829
6975248103
6397145820
6984315207
6429731085
6482357190
6381407952
6142835709
6985340271
6971835420
6798504312
6725198430
6053729148
6208597431
6803125974
6127845309
6194307528
6081293457
6320718549
6745031298
6058129437
6875140329
6078349125
6510498372
6431927580
6241580793
6042715389
6308592741
6027549381
6471392850
6935402718
6150439278
6078153249
6213974850
6301495728
6195287043
6149085732
6047512983
6731594280
6915347082
6802317594
6894051732
6471835092
6730915248
6107954283
6450897312
6085791243
6419352870
6385294710
6975023418
6105982347
6083219547
6923745180
6851379402
6203497815
6915734208
6328714509
6238517904
6319840725
6728954013
6518320947
6031758942
6970548123
6875349120
6973028514
6375201489
6190824357
6247908513
6132540987
6834219705
6142789305
6972485103
6975418032
6798051432
6359784012
6054291387
6023451798
6405297381
6307915284
6342958071
6927158034
6324875901
6403721589
6597041328
6471835029
6138270459
6248975013
6504379218
6918457203
6893157204
6402819573
6379450281
6921350874
6394028517
6312485907
6243975018
6158493702
6482931705
6148523079
6498530271
6751048932
6891043275
6204837519
6924035817
6384029715
6103795248
6812430795
6492318750
6197280345
6295187034
6957028143
6493107528
6081274953
6917348520
6319827504
6459283170
6239045718
6592430781
6510978243
6490175823
6270541938
6451903782
6208319475
6092418573
6019327845
6895012437
6958031247
6852904371
6519243807
6941830572
6587091342
6938540172
6104928573
6145793820
6078159432
6584293701
6498350172
6397280541
6597148023
6490278513
6835049217
6145083297
6725910843
6301528794
6971042358
6720914358
6251074398
6487921350
6583901247
6801937524
6235794810
6405718239
6312489075
6547830291
6503472891
6125378094
6758203491
6817204395
6078329541
6539478210
6758190423
6324517089
6145780923
6914730528
6531827904
6253179084
6504397281
6038295174
6183705294
6348051297
6749530812
6741209358
6259374180
6180279354
6795412038
6358429071
6395408172
6043591287
6078243159
6275493810
6930824175
6490527183
6458203719
6429378150
6520937148
6304925871
6729350841
6031924587
6782519304
6403821759
6580713492
6154270398
6805432719
6910734258
6395142708
6974580231
6042513987
6138025794
6872015934
6139087452
6519480732
6734809152
6453097821
6095487231
6470519823
6279530841
6450972318
6590482173
6790524138
6085231794
6427035198
6819305724
6754381092
6309451728
6195280374
6473829051
6859314072
6397415280
6724195830
6093581724
6735104892
6791538420
6598247103
6901374258
6193258740
6307251894
6359804172
6032491857
6734028195
6192853074
6913872054
6974308152
6132847950
6745932810
6357290481
6519403728
6974208153
6015438927
6824507931
6124958307
6470189235
6857329410
6531924708
6029874135
6425701983
6417892530
6054173289
6542130798
6143908572
6352089174
6523784109
6215784390
6310274589
6792485103
6159873420
6579102438
6783041952
6429358710
6873259014
6829571043
6981045237
6932147508
6023879541
6305841972
6410589732
6497308521
6930785214
6981273405
6409781253
6428907315
6915483207
6750429183
6487593210
6281304579
6102439857
6251349870
6958407213
6148709532
6830129547
6980432517
6328497051
6850192437
6950138274
6049315728
6072984135
6503941872
6781403925
6278591340
6245138907
6905317842
6971804253
6537910482
6187029354
6582947103
6092145378
6032549187
6092185437
6801723954
6932174058
6893720514
6025438179
6740523198
6420719358
6957243018
6470325189
6238190754
6084721953
6289713045
6053179824
6174289530
6028451973
6329145087
6017834529
6034152978
6413728095
6974802513
6402951738
6740251893
6715023948
6209185347
6425380791
6714805932
6851342709
6487325910
6410738592
6194825307
6853017942
6743152890
6134502798
6923071458
6450281397
6358097214
6382051497
6359718042
6327891504
6140397825
6507134829
6981340572
6894527103
6518903472
6912708534
6927430518
6281359740
6791240538
6342058719
6250194783
6389104275
6439278501
6980425317
6410398527
6149350782
6890341527
6743920518
6105479382
6521489730
6917504328
6017249853
6471092538
6142590783
6231547089
6012875493
6423805719
6143598207
6951237804
6523180749
6743180592
6287413509
6170349258
6854073219
6403198752
6470829351
6094753821
6248795130
6910824357
6358729401
6845301297
6071589234
6453019782
6308917524
6795243810
6720134598
6793105842
6782315094
6384951702
6714982035
6821543709
6092315784
6937501284
6472019583
6513402978
6172538409
6021943857
6731489052
6821594037
6502789134
6574302891
6780249153
6415302879
6201875934
6123895407
6125873094
6539708214
6304798521
6045319728
6375129048
6497182530
6531287094
6570918324
6095231487
6207835419
6538910742
6820495713
6495078231
6745213809
6478523091
6250194783
6512378094
6320519478
6918540372
6438751209
6321450798
6431572908
6824351709
6028479135
6049723518
6942850371
6978410532
6198320754
6810975234
6780293514
6278450391
6417802539
6742809351
6324971805
6840271935
6491032578
6075298431
6375092814
6389210754
6843257019
6857029431
6839051724
6518340297
6830721945
6852419307
6734251890
6045871923
6397542108
6192350478
6729108354
6517904832
6018579324
6723815490
6305942187
6745820193
6104523798
6340829571
6950142378
6804931725
6219347085
6182750394
6109458723
6745230918
6310279548
6048719253
6351748902
6293047158
6310289457
6194850372
6104275398
6293418075
6975402831
6451830297
6407259183
6184059723
6073548192
6438275091
6053714298
6240951837
6841053972
6074859213
6502714983
6529043718
6951437280
6241380597
6901857342
6510978324
6594837210
6027913854
6475308912
6238754901
6715398420
6820735914
6834257091
6835147920
6718059234
6549103287
6418037529
6028457913
6705284319
6281950374
6314970528
6509783412
6078219453
6954783120
6837152049
6185423709
6283740195
6237845109
6438271950
6215780349
6451980327
6597310428
6215347908
6952031784
6948157302
6304571928
6725430981
6831259470
6241895073
6389257140
6527308419
6390147582
6910724538
6897520314
6283957014
6947025183
6310975428
6243817095
6281054793
6758312094
6903712854
6489512307
6024358917
6097384521
6240937185
6305294781
6135287490
6947520813
6358729401
6732941850
6152479803
6413859720
6735982401
6752143908
6594018723
6279135048
6327814950
6452179308
6529871043
6510792843
6714203895
6940327815
6021597483
6201359874
6270591384
6902385417
6503498217
6094175382
6879134052
6205189473
6751820934
6527948013
6597084321
6219854037
6751328940
6094852731
6015784923
6240538197
6507321489
6748390512
6823159407
6541320789
6704819235
6492381507
6581943270
6512879304
6580793412
6708425139
6538410279
6381947205
6853402791
6374102598
6728941035
6237918540
6034178529
6591482370
6829450731
6780193425
6179582043
6781395240
6217804359
6890145372
6382140957
6217530849
6801957423
6492510873
6908357412
6479183502
6859043172
6375049821
6523097184
6238504971
6309451827
6382490175
6849320715
6198024537
6853047921
6298375014
6980473521
6135980274
6471395208
6382450197
6923475081
6902758134
6175390824
6587312409
6041592837
6594203817
6491230587
6398704152
6192748053
6094817532
6251849370
6897425130
6097514832
6970152843
6217985340
6392817054
6803925417
6359248710
6480731925
6051897243
6392081754
6381052749
6723419508
6184027593
6897231540
6380579412
6782934051
6083427951
6538079241
6820315749
6953210478
6897421503
6958174230
6318709245
6418392750
6104985723
6548731290
6543278190
6289534017
6791438052
6241830975
6734198502
6854231709
6834059712
6502739184
6714928305
6143598702
6174593208
6380792415
6813259704
6341072859
6432075198
6189423570
6438917520
6395742081
6708549132
6217935804
6049357281
6892137450
6842351709
6375148902
6531420879
6480157239
6179280435
6295407813
6798402531
6350172984
6571302498
6579381024
6751290384
6859421307
6051894372
6912407835
6012794583
6749382051
6329507148
6027839154
6983217504
6172839540
6832951740
6950481273
6890231754
6718523409
6928075431
6983471250
6918753420
6104527983
6057841329
6519238470
6834971025
6521407983
6928710453
6735840129
6087423951
6948702153
6327109584
6215794083
6573109428
6730952418
6148052937
6127459830
6835409712
6701295843
6849152730
6403297851
6037289154
6387109524
6432097815
6729081543
6753092418
6410592378
6983704215
6305284917
6905821374
6740591283
6980412357
6984032571
6378105924
6815043927
6123458970
6587403921
6845703129
6105728394
6812507439
6987234105
6738241905
6912784305
6781534902
6370982451
6097814253
6085721934
6734802915
6097185234
6821307954
6834792051
6753049812
6423857091
6042951387
6513782490
6530948217
6925840713
6513278490
6842713095
6510324789
6745830129
6029417853
6710824935
6978152340
6730298514
6057439812
6324097815
6423109785
6702854391
6054981327
6834925017
6743851920
6359820174
6318295407
6793214508
6532748019
6897351204
6174052893
6734851029
6281439057
6534279801
6875913402
6509481723
6809532714
6739402518
6490725831
6429081573
6308741259
6854712903
6318450972
6429703851
6471095832
6702138954
6591387240
6730584192
6985470123
6712085934
6970824351
6037254819
6945120387
6025873491
6592378401
6095178243
6438195072
6528031749
6524931807
6831709245
6941803257
6914705823
6294501738
6407823519
6431950827
6348951027
6831972054
6134925078
6542371809
6290185437
6182704395
6837290415
6518372409
6139428057
6538240917
6481902375
6934185072
6934018752
6450927318
6021854739
6940312758
6304198275
6371524908
6019253478
6420195387
6081395427
6918437520
6987014523
6781392450
6834952071
6098314752
6782139405
6248931570
6739245081
6218794305
6289571043
6805937412
6018543792
6594132780
6730918245
6349857210
6078314592
6129435078
6817432095
6592874013
6103792458
6891532074
6018935247
6319045728
6197243805
6013298574
6743250198
6038924715
6458370912
6472053819
6157028934
6509128437
6509128734
6024153897
6845921307
6528174309
6109237458
6951243780
6485291703
6079824135
6809237451
6782310459
6298571304
6317059428
6239045781
6935278140
6172034985
6740839521
6184597203
6102859743
6158034729
6573912084
6098257341
6590487132
6237190584
6039782541
6732840195
6328401957
6018472539
6237598140
6903854127
6374059128
6309178452
6702184953
6391480257
6803527149
6859431720
6475829301
6409382175
6427508391
6925384071
6283041579
6508142397
6570928134
6470812593
6420957813
6785039412
6320574819
6284159073
6489071532
6785132094
6912453087
6852904371
6125983407
6107284359
6510328497
6413827509
6437295081
6548903271
6597201384
6420135987
6089734152
6193874520
6914503287
6084317592
6524839107
6908175342
6375804912
6142830975
6417085923
6034187295
6409725318
6210857934
6307521894
6571849302
6179048523
6395471208
6253081749
6703125849
6041389572
6798524013
6524139708
6805247913
6209371458
6843129057
6173250948
6823041957
6259708314
6853107249
6280519473
6107843295
6397140825
6798301425
6910284735
6735948012
6859437012
6405192738
6015983427
6501348972
6598132704
6932084157
6284903571
6430927518
6830475219
6198042753
6179850243
6940512837
6074189325
6713250984
6213074985
6819574203
6917304852
6802937415
6480215937
6043512897
6074925813
6280593714
6287431059
6837249105
6715483209
6043752819
6980574213
6872531904
6241390785
6082534971
6594130278
6482509137
6754810932
6408571293
6893701452
6039457218
6125490837
6720358194
6102798354
6493527081
6819524073
6718209354
6814930752
6014379528
6397102458
6593478201
6158097432
6143758920
6394012857
6409152738
6710839524
6578043192
6043517982
6875349201
6203591748
6593248710
6891042735
6981057342
6947523810
6175048329
6341509728
6318097542
6740329851
6574839021
6970384512
6530972418
6401359782
6179852340
6701529438
6531840972
6128435970
6893214507
6924351708
6538172049
6495382071
6370841592
6124739085
6258437019
6950841237
6584901273
6398724501
6410273859
6943578021
6097235184
6723951804
6710839524
6597208314
6195487203
6978321450
6517043298
6517203489
6291457038
6420158937
6450371892
6571430298
6904237581
6219587034
6471980523
6240871593
6197028354
6824513709
6587324019
6543190728
6891435270
6524873019
6948237510
6782950431
6189047253
6532478910
6438271095
6235097841
6975428130
6095217438
6839740152
6458072391
6138724095
6021893745
6304159827
6840512397
6390178254
6580974213
6049352781
6870925431
6957180234
6514032789
6403159728
6507241938
6375289401
6027918534
6145089732
6451938207
6892107543
6934107825
6419835207
6347821950
6587042139
6714032589
6043728159
6513082947
6238509174
6179240853
6547183920
6247091385
6081745392
6359187240
6507182943
6471520893
6894370251
6382071495
6593840172
6325094871
6839415207
6750284931
6730495218
6501498327
6218749503
6905748312
6835740921
6741035928
6894701325
6087913425
6497518203
6912753480
6173059824
6958740213
6372590841
6287514930
6740135982
6384079512
6842913750
6327850149
6097548321
6128743509
6854329710
6824915037
6014875932
6094327185
6182490735
6417053289
6309514278
6130792584
6937052418
6193875240
6105287439
6187203954
6792540138
6578139042
6024835719
6391752840
6571392840
6217059834
6289547130
6913820754
6357018942
6715392408
6173298045
6401398752
6537104892
6421750983
6531280497
6843792501
6897043215
6270431958
6081327945
6904381752
6901258374
6985432017
6271934508
6407139582
6210798354
6073195284
6819473205
6401857239
6851790342
6794135802
6234180795
6981302574
6238059147
6083159247
6274083159
6482103579
6375298401
6872349510
6850327149
6915048273
6189402537
6745983120
6528903174
6978125043
6471295830
6483190752
6439182750
6018524379
6587214309
6190384527
6320795148
6503197428
6351482790
6503874219
6138457209
6528041973
6348509172
6319470258
6804591732
6751904382
6135047829
6328079514
6218570349
6024518937
6473958120
6281054793
6372104589
6027183594
6328705419
6521074938
6351408279
6543189072
6530297481
6719805342
6487930125
6290531874
6924730185
6207931584
6405829173
6527109384
6317592840
6084395127
6203958417
6049872135
6248503179
6925734108
6041593827
6492381750
6071382495
6315879204
6015379842
6497028135
6159702843
6981230457
6840512379
6103285749
6850723914
6739208154
6897530214
6318904257
6542813970
6315702849
6029187345
6142807395
6413975820
6250419378
6028539471
6743580129
6502314897
6952384107
6907135842
6870253491
6983510427
6183420957
6580479213
6907853241
6758324910
6524387091
6274138950
6921085743
6801732945
6748913205
6348520719
6725301849
6458120973
6427953081
6951820374
6381279405
6104752983
6214507398
6340581792
6041927835
6835042197
6812350749
6320481957
6281073594
6310847529
6542781390
6317584092
6458173290
6730821549
6018527439
6320514897
6850371924
6715834290
6937518042
6328970514
6419832075
6275031849
6753280194
6708543129
6892135740
6192847350
6597314820
6159273084
6195042387
6508713429
6217948305
6524173809
6475130982
6152378094
6192750384
6941320758
6831509742
6345982071
6905814372
6325918470
6309451278
6104398257
6482105379
6312058479
6509812374
6452109378
6298453170
6240793815
6290718534
6170259348
6145092378
6128057394
6054721893
6094852713
6403517289
6298453701
6942035718
6291053784
6038791425
6847021935
6907123458
6390548172
6508947132
6345972081
6701439825
6541209378
6347150892
6097531482
6091587342
6098154273
6149203587
6017439258
6258394710
6034285719
6481957320
6543782190
6348290715
6429180537
6740285193
6479235081
6035724891
6405728319
6457301928
6193740528
6920185473
6905418273
6542709813
6802579341
6579312480
6034527198
6087342195
6037495128
6410973582
6842015793
6452309781
6580279143
6710923584
6289541037
6394280715
6892031574
6379824105
6207935148
6192850743
6754813290
6752498310
6297153084
6328574109
6417532089
6509781243
6158394702
6314952708
6513029487
6072891543
6294315780
6025187349
6018592473
6854130279
6107842395
6247915038
6958107432
6783205941
6873542019
6807432951
6173094582
6108549273
6879520314
6709238415
6418902537
6703254819
6475291038
6534708219
6475209318
6870541392
6285419037
6192804375
6159032784
6945830721
6857430192
6839701452
6213078945
6140972358
6712509843
6180235947
6230147598
6725041839
6340752819
6785340219
6357082941
6350924871
6940258731
6412803795
6157928304
6879024153
6859432710
6137495280
6289570143
6907842135
6081579432
6429815073
6189532074
6254083917
6739850241
6413908572
6520418937
6357142890
6431758902
6035798421
6398417502
6413820795
6159832704
6431752908
6510432987
6051794238
6327089415
6710548293
6239871054
6312509784
6731042958
6487213509
6359720481
6458921037
6189324570
6940237518
6428170395
6195708432
6840275193
6251947308
6952870413
6134270598
6089754231
6109872453
6278031594
6508492713
6019743285
6019748352
6145830972
6091358472
6548019237
6704253981
6352987041
6038459712
6217508349
6018453729
6539810247
6514893072
6047839152
6895710342
6748219305
6478952130
6073892451
6538970214
6027549813
6895130427
6843725091
6709231584
6952740813
6930412875
6937540821
6813247950
6259074318
6589214307
6940823175
6204893157
6398241507
6205419783
6123987540
6378294015
6053879214
6825309147
6102978345
6732501498
6541792308
6384025719
6937210854
6549803721
6749152380
6049573128
6508479123
6135047928
6254718903
6210793845
6120973845
6431297085
6824509731
6259307841
6743802591
6890315274
6074938521
6258907413
6197085324
6784251039
6980741253
6270851349
6734189502
6078514392
6973250184
6079421538
6358794012
6153478902
6578029143
6327859410
6731094852
6451239708
6318572094
6741905823
6934012785
6984573120
6408195732
6029451783
6125078943
6239481057
6421397580
6504928173
6958312407
6893407215
6943051872
6189345702
6052813794
6871903254
6025391748
6907458132
6487309215
6735892140
6029318547
6203974815
6034512897
6953724810
6098372415
6807123459
6750982431
6931045287
6571983240
6290137584
6705183492
6703918245
6827950341
6497015382
6025781493
6250948137
6523198047
6041257938
6157093428
6523971840
6127950834
6201548937
6713509482
6930841752
6357124098
6143527908
6238401597
6819372405
6597410382
6294103578
6309218475
6240791385
6079835241
6197285043
6257349108
6528491037
6145780239
6975014832
6074312598
6485920713
6298174350
6913452780
6273590481
6423059187
6389570241
6875043192
6308571429
6157428039
6749183520
6729435180
6247159830
6905483721
6951203487
6219845370
6297401358
6739521408
6284031597
6219375048
6704891325
6734210589
6809215473
6834510729
6420185793
6310795248
6581932407
6214975308
6075324819
6452389017
6213948507
6012937584
6152843790
6793140285
6829715304
6392745081
6870451329
6325497801
6178342509
6257804931
6870543192
6705492813
6198574032
6120894573
6248097513
6948502173
6740125839
6187503924
6472315809
6987145203
6392180457
6185247093
6053821497
6734109285
6875412093
6702948135
6895730124
6382179054
6582713094
6753094812
6937542018
6809475132
6870934521
6392804751
6058473192
6941582703
6257908134
6094853172
6327540891
6437890521
6850329714
6759014382
6918720354
6814307592
6830275914
6804579321
6291754380
6435127089
6945810732
6783152490
6278540319
6359178240
6372594018
6102938745
6174825093
6524708391
6150234879
6423179805
6914028357
6304879215
6543129078
6127835409
6791358240
6871043529
6548021379
6839250417
6719042538
6935872014
6785239140
6918354072
6948235701
6130592748
6405289173
6851092374
6078341259
6418025397
6297038145
6498570123
6940835712
6074832915
6023795184
6719540238
6379105482
6328719450
6087541293
6472150938
6417328590
6071298534
6071352849
6071345829
6931450827
6839075241
6290784513
6842930571
6049578132
6471309852
6519042378
6712983054
6741089532
6542710389
6031859724
6387105942
6593741802
6510387492
6489703251
6807435291
6297143580
6957483210
6750948321
6123058749
6340985217
6915024837
6570492813
6453702189
6387142059
6053924178
6972143850
6089541273
6729034518
6754382190
6237095418
6915273840
6530971248
6403872159
6054831927
6841739025
6590378412
6832147590
6201958734
6924703851
6201785493
6729830451
6903285714
6970432581
6819450273
6792358014
6374925081
6470238519
6937521048
6754938120
6178059234
6837042159
6397428150
6503147829
6851243970
6389452071
6947308251
6824501937
6702354918
6354198702
6957082134
6541980327
6098174532
6917542083
6794138052
6234157098
6312509847
6790318245
6105498732
6125047893
6573891204
6570839124
6318745029
6754823910
6379812450
6458970231
6281794503
6258407319
6932015748
6170538429
6430125789
6745238091
6415938207
6089452137
6735024819
6457981032
6280579143
6253810749
6074139582
6423187509
6023745891
6253940187
6351479028
6951230478
6540781239
6382947510
6935084721
6395048127
6407321859
6902714538
6519247830
6248975031
6325174980
6834597102
6324710895
6137459820
6391402758
6379521048
6380591427
6918342075
6031759824
6074831952
6709153284
6573920184
6714950283
6935287140
6013274895
6403958712
6432071859
6584107329
6874523109
6392478015
6291780354
6547190823
6401932578
6350487192
6219534708
6925830417
6892301457
6158742039
6791854032
6395704821
6792140835
6910432758
6173240859
6014258973
6342981570
6297481530
6947253108
6791438520
6821409357
6814753029
6172385049
6057498231
6914283750
6025897431
6291058473
6529074318
6719240835
6329147850
6718302954
6498375210
6140758923
6871905234
6973810254
6295801437
6513297480
6194085273
6594201837
6534290178
6094753821
6980371254
6793284015
6509432718
6524739081
6391258740
6917028435
6150347298
6724390185
6905342817
6029813745
6370518249
6513427809
6702893451
6032598471
6491025738
6324890715
6508429731
6471235809
6193087524
6187452093
6910247538
6437580912
6012895347
6052984173
6945371280
6920157483
6230419875
6723450891
6213970584
6357489210
6753249081
6913758024
6254380719
6180379254
6514037289
6238509741
6387245901
6372981450
6054371982
6342918570
6143925708
6142758903
6470523189
6140925837
6025179348
6148579203
6743158209
6742591083
6098135724
6287914350
6417509382
6408927153
6387250419
6903475821
6725048391
6710532948
6907832451
6182539407
6715094823
6289104357
6289507134
6735408291
6783942150
6512948307
6052498713
6493270158
6328714095
6057293481
6034982715
6593084217
6895037421
6291035784
6742518309
6427953801
6047582139
6973125840
6478105923
6543190872
6508341297
6198705432
6803914752
6291507834
6315048729
6971504823
6219058734
6027918543
6180342975
6483215790
6140982375
6104738925
6152793408
6879102345
6253870194
6427103895
6409237815
6021457389
6428139057
6745183209
6307148295
6034721985
6203798145
6281947350
6425730981
6508491723
6025189473
6920487351
6482751309
6428307591
6124589037
6397528140
6904123857
6875104329
6439507281
6975302184
6908712354
6543870912
6208934571
6247038519
6527084319
6934105287
6138572094
6940581372
6042798135
6930427581
6729580431
6480751329
6215370849
6259487031
6214370895
6293748150
6047381592
6592730814
6973504821
6014785932
6403785912
6419532708
6045729318
6342089751
6392041758
6345107892
6019438275
6124837590
6382401597
6954830127
6710952483
6208594713
6305892714
6732950418
6042387591
6413590278
6703529841
6350184972
6482930715
6578930412
6913570428
6932571804
6329145078
6792045813
6832415970
6739540218
6319854720
6541028973
6832910574
6290753418
6287019354
6793245801
6702358149
6392085714
6039418752
6403257918
6218045397
6893501472
6051723849
6021384597
6297083541
6810724953
6592478130
6328459170
6102483957
6531098472
6347920158
6819327504
6583291074
6017853924
6582714309
6394081275
6873190524
6245180379
6284570193
6592183407
6049715832
6510493728
6813570492
6249053871
6948530721
6492308751
6839710254
6293841507
6275139840
6324190857
6498371520
6752301948
6439708512
6410927835
6014279358
6490287315
6179508432
6418972305
6308912547
6147830925
6435718920
6739250841
6549280317
6950241873
6039215874
6781240593
6593102847
6495182073
6581327940
6210379854
6458197302
6247931850
6092134785
6209584713
6473219580
6372190845
6781430925
6418370529
6081734259
6028413795
6529407813
6523018974
6302195847
6170354928
6489320517
6741839052
6782095413
6912358047
6254819703
6314507892
6371980524
6152897304
6045279831
6019284537
6547821903
6428017953
6873245109
6354298170
6319078524
6704853219
6534127980
6230591478
6798305214
6109485327
6284359071
6890531274
6537409218
6109248357
6871403295
6738941250
6204839715
6957348102
6297130854
6135829470
6930145728
6487032591
6182597043
6892175403
6309715428
6709523148
6109724835
6179238054
6821079435
6281304579
6475081239
6854109327
6453910872
6098523417
6784039215
6974213058
6057928431
6708251943
6795412803
6874905231
6849270153
6397248105
6372950184
6715892304
6403591728
6407853219
6237840591
6378542091
6580143297
6123508974
6419057823
6725493801
6942830571
6819243750
6981754023
6902348157
6019257843
6720593481
6289501437
6905483271
6250849713
6403218795
6754082931
6037249815
6830972541
6358207491
6253149780
6375812940
6208453719
6095124783
6752908431
6840295317
6820579431
6829431570
6453890271
6429130785
6034825971
6593780124
6907185432
6058392147
6725841903
6730485219
6140235987
6087359421
6580439271
6845193072
6375840192
6542973081
6135084729
6150473289
6531780942
6758201439
6921703584
6415932708
6098132475
6971580324
6389207451
6089154237
6809731425
6283945710
6784219305
6298305741
6821903547
6278930415
6378105294
6013297845
6890513742
6598314072
6974283105
6538094271
6841957230
6378025194
6025391874
6315704892
6207519483
6530184927
6197540328
6241509378
6385427901
6103495278
6394082175
6251094738
6189425073
6239458071
6389142750
6741589023
6384051297
6590723184
6798052431
6413278950
6294830517
6307842159
6102457938
6153729408
6372980541
6027958341
6753408912
6134589072
6320514978
6734098152
6924708531
6039724158
6413907852
6409871325
6053874192
6490217358
6053872194
6384091257
6071895423
6425908173
6048957123
6508219473
6395481027
6549130287
6835720491
6387490521
6580193427
6540837192
6014359827
6038592147
6283051749
6825047391
6981307425
6973410285
6325841970
6915708243
6578491302
6251074839
6043592178
6123890547
6137250489
6942015378
6279831540
6197025483
6410235798
6824370591
6352798401
6107439825
6827345190
6495130728
6703159842
6503247981
6925401378
6729150438
6097813542
6870253941
6438579120
6245890731
6713428059
6450382917
6923715048
6293518074
6140279583
6387154902
6192408375
6273915480
6125098473
6538219470
6752139804
6509782431
6784521390
6437298051
6372510984
6207931854
6902514873
6174058329
6851903427
6917508234
6218043579
6102485973
6952470831
6253479081
6947318205
6408597231
6279054318
6508471293
6843970215
6893150247
6597241803
6395814027
6903178245
6589021734
6071243958
6051934827
6409218357
6018235974
6354879201
6417305892
6851749302
6904127583
6853179024
6371298405
6572041398
6319047285
6975023418
6140937582
6097815243
6491523078
6975208134
6851279430
6403781592
6259708314
6971025483
6428739051
6241578039
6439125807
6130947825
6948102735
6897015342
6430285719
6234958017
6847153290
6403829571
6952701483
6294510837
6724958130
6584103297
6470832915
6095324871
6052794318
6245971803
6139582470
6821973504
6139048275
6071438259
6842350179
6283704159
6874193520
6529780413
6490721853
6915382047
6754028391
6954371802
6948325017
6109835724
6201587934
6594178023
6701548293
6417380592
6472850913
6358940172
6319572804
6179852304
6145732890
6589134072
6379842051
6358190247
6549872130
6801352479
6372458109
6742509318
6482591073
6125304987
6207589413
6829413075
6019758243
6028379514
6590827143
6128947503
6785409213
6245891370
6528317049
6781049532
6420175938
6358094271
6241053897
6517390284
6715094328
6892715403
6912034758
6013598742
6489053271
6920453817
6935210874
6342790185
6318945702
6390541287
6210548793
6482750391
6852714093
6427039851
6798301452
6854731092
6574918203
6815370924
6139507482
6758294031
6104738259
6287930514
6194370285
6051724983
6294385170
6415302897
6985130724
6037198254
6705148392
6237041589
6271483095
6872150943
6510978324
6274398501
6289037541
6832954071
6350279481
6809172534
6918703425
6475903821
6890715423
6271348059
6907314852
6192803475
6901438725
6278104935
6574923108
6852130794
6570249381
6342918750
6513290748
6379028451
6917580324
6351827904
6704382159
6485032791
6842710593
6780952431
6429038715
6319528407
6971052834
6945231780
6049732518
6197823540
6598231704
6783924150
6302897514
6793451802
6043712598
6895423071
6827359401
6017358294
6827350149
6473501829
6980324571
6845923170
6491830725
6487309152
6405172983
6734582109
6139745082
6172340598
6074952831
6345091782
6728094153
6913782504
6174925083
6731859240
6953041872
6724308195
6470539128
6123984075
6109845327
6430987152
6059348721
6924875103
6483709251
6397425810
6451723908
6807549132
6785410932
6320841957
6289470531
6120935478
6439827105
6342501978
6453987012
6521830974
6075894231
6182593074
6523701498
6874501293
6854291037
6350894172
6498372501
6957813042
6103745982
6985471230
6270413985
6820431759
6893451720
6984502317
6590318724
6340289157
6075319482
6318045792
6704852913
6325498071
6207813549
6912534708
6102798354
6741253908
6902451783
6204731589
6748195320
6748059123
6239857401
6412987305
6578340921
6810259473
6370548291
6382905741
6829407351
6072351498
6192705834
6128093745
6298504317
6019283547
6097124538
6298534071
6720143895
6934217085
6179280345
6743590182
6813597024
6453879201
6301854297
6314927580
6582791034
6513489207
6083291475
6731429058
6420719835
6172358094
6830947251
6107298534
6839274015
6825197043
6370842519
6910873245
6903542178
6528409731
6204591837
6350824791
6085734291
6728953401
6107893245
6547139802
6584312907
6738245019
6731850942
6527480193
6380519247
6382017945
6314905287
6235409817
6750834219
6785413029
6431902785
6725049831
6423075189
6758034921
6109237458
6912843705
6831094725
6950217834
6478195320
6159287340
6591704823
6473018925
6594102738
6045321879
6530781942
6721905843
6273189054
6138547290
6091587423
6134578902
6480759231
6983741520
6417052938
6507894231
6398047152
6517290438
6027843591
6923714580
6149350728
6513274098
6870952134
6138754092
6321849075
6120378495
6503492187
6379810245
6189204375
6137945028
6074298513
6017425839
6978532014
6214397850
6925713084
6850219437
6410583729
6354280197
6198243507
6802734591
6590481723
6187203459
6208914735
6130925478
6431905827
6279815034
6150984372
6410952837
6740581239
6148392507
6429753018
6701382954
6358427901
6792851403
6152930784
6928054713
6152380749
6298354071
6807951342
6241305897
6075234891
6017895234
6754208391
6753904128
6795183402
6570934182
6015249873
6543217980
6502849137
6029437518
6120839574
6341520897
6143925087
6093157842
6231790485
6920438571
6982350741
6153027489
6804195723
6475291803
6320951478
6419073258
6592381074
6081495327
6135820479
6827395140
6839517042
6952180743
6190427358
6729481530
6927834051
6731298450
6570132498
6852301974
6945018273
6902185734
6342785190
6082931475
6935784102
6708351294
6108592437
6102958437
6372518490
6394871205
6452380791
6124570839
6324509817
6130854297
6529837104
6752348091
6504897231
6130745298
6049283157
6587301294
6290378451
6014287935
6317854092
6987042513
6802451739
6175029483
6985402317
6052893714
6781439052
6230541978
6304127895
6195203874
6238719405
6714295830
6510382947
6123890745
6415320897
6701382549
6078243519
6190875342
6573928041
6890523471
6307294581
6921503784
6591834702
6913745802
6432190857
6492850317
6728104953
6195807342
6305248719
6315420978
6580219437
6417089532
6534781902
6925810437
6983257410
6732194805
6792504813
6704123958
6051823497
6904528713
6589432107
6809513724
6437209518
6381274095
6850321947
6829135470
6804251937
6741982053
6417893025
6259037841
6570149238
6320985417
6894250173
6789543021
6487915320
6940785213
6053792418
6593208741
6312405798
6857240931
6501832947
6732509418
6384795120
6173842059
6580427391
6480921537
6270581943
6518034972
6290514738
6102983547
6347189205
6031495782
6849203175
6405378291
6829517304
6478319502
6327914580
6498532710
6709382541
6389507421
6712305894
6871945302
6823901457
6195048273
6135890472
6719834520
6391548702
6182903457
6194257038
6175948023
6094128537
6237045891
6538094271
6541283097
6523704198
6750143982
6192045873
6458031972
6725903418
6503894271
6079342851
6907385142
6809152437
6582104379
6034859271
6854039271
6312798045
6187329540
6275910834
6095431287
6930712485
6705139428
6240978135
6324071598
6850374291
6709523814
6259408371
6793581420
6492150387
6972805134
6743981520
6239047815
6478301259
6740935182
6457892301
6498371520
6970215483
6832571409
6042538197
6714085293
6470829351
6713489025
6421895307
6713940528
6158429037
6925480371
6031284795
6208174953
6784231590
6314025897
6241598073
6143752809
6371824509
6259307418
6271940538
6204895371
6103278594
6235894710
6973052184
6927415083
6903158247
6452871930
6508194372
6457912803
6234591078
6127903584
6971035842
6831724059
6823071954
6210385749
6073591842
6752804391
6195082437
6741329850
6714325098
6735418920
6017984352
6491380257
6327958410
6904587213
6947083125
6473109825
6907821543
6521093487
6704529813
6397810245
6740389152
6804752139
6159243780
6753204198
6204975138
6428051973
6153840297
6385410729
6725401983
6047951823
6094175283
6015793284
6832015947
6273985410
6812507943
6304219758
6501394872
6210498753
6348109527
6382109547
6197405382
6098735142
6371548290
6271809543
6583410297
6132945870
6839574201
6483517092
6012985743
6948235107
6924078315
6281950734
6953402178
6108749325
6923751480
6209318457
6024915387
6859312704
6248735190
6984017352
6837951042
6921508437
6958403217
6237095814
6984170325
6147208593
6091472385
6928407513
6452837091
6719230854
6913475802
6105274893
6580921374
6073581942
6748120539
6942807351
6185492370
6074239185
6715480932
6891452370
6874213950
6207135984
6941238507
6294583701
6910273845
6938147502
6384195702
6147053928
6570138924
6384179052
6820931745
6451792380
6158702943
6520491387
6923874105
6524091378
6932185740
6957830124
6950142738
6054129837
6192450378
6425197308
6394280571
6148750923
6358049721
6271985034
6158247930
6134098275
6981745203
6854901732
6975281403
6041257938
6973145280
6072498135
6541327809
6852097134
6301287549
6274083591
6249837501
6718094352
6057218493
6230914758
6193547028
6329104758
6078513492
6710238459
6207593148
6183925407
6210845973
6054738219
6495238710
6091258374
6784310295
6509382471
6471302589
6350289174
6894321057
6194307825
6471823905
6095743182
6732908451
6784512309
6423150879
6570432891
6425139708
6018794523
6593420178
6895732014
6597321408
6815402937
6087532914
6049315872
6815209734
6721450938
6743825019
6135497028
6381572094
6972840531
6042159378
6743805291
6289017354
6192857430
6041582739
6815940372
6951324087
6972045318
6870513492
6325708194
6423705891
6718903425
6513749802
6183907524
6581924370
6403795128
6825934701
6879041235
6423107598
6053198472
6197824503
6837124905
6942753180
6235791084
6092453781
6158043279
6954783120
6420578931
6835421970
6317845029
6941802375
6703251849
6735819402
6302459871
6170492835
6573809421
6315972408
6132745980
6382740915
6401527389
6970148235
6350917248
6340589172
6792413580
6752403918
6438197205
6027913584
6931702548
6370852419
6532174089
6418957032
6912483507
6380215479
6130452789
6842593017
6879035412
6753248901
6751098234
6573291084
6387452901
6892507143
6421370598
6079245318
6384092715
6497382105
6251370894
6237145908
6103257894
6057289134
6194283570
6459207831
6843052179
6195723048
6081973245
6289014753
6240978135
6184257039
6549318720
6318974205
6742903851
6915078234
6375081249
6034958172
6084521973
6478021539
6783492501
6910784352
6409312587
6098751342
6582309147
6852940173
6105984723
6591872034
6028951734
6715923048
6218743590
6095273841
6945782103
6175890423
6794512830
6259183407
6980427531
6140352798
6827534910
6512930784
6289073415
6302715894
6019874523
6897504312
6824971053
6387102495
6245078931
6304517982
6720185493
6173824095
6490187532
6573249081
6245903178
6175904823
6205389714
6027431589
6124803957
6741329058
6308147295
6078214359
6873219045
6598247103
6942310758
6129350748
6092487531
6025147983
6270391485
6421903587
6153792840
6814752309
6428103579
6328941705
6954128370
6051482397
6742931580
6107284593
6879304521
6439710285
6549287301
6041859327
6459107382
6780143592
6435179028
6470981325
6128593074
6781095234
6084925173
6280753941
6037549812
6092475318
6934085172
6751029843
6985427301
6173025849
6294507318
6514280937
6204173958
6594201378
6715398402
6348170295
6275103948
6740593281
6592187403
6492571830
6029574138
6784502913
6259038741
6983175420
6738921450
6491285730
6718403529
6405713982
6501728349
6532709814
6015748329
6407981253
6497802531
6285497103
6897105324
6083715294
6531904827
6715043928
6713589240
6381945270
6129803475
6709385412
6791320584
6237850941
6421087359
6934215087
6839724150
6140238957
6752438019
6432985710
6039428751
6340128759
6791452380
6127854309
6571840293
6147398052
6308419257
6704138592
6851034279
6214509837
6975123480
6013792458
6394152870
6154728039
6429187305
6972058341
6415083792
6874251903
6513079482
6234170589
6871392045
6052173489
6207493851
6908413572
6902573481
6930154287
6705498231
6754038921
6932154087
6273490518
6230584179
6490213785
6584239710
6380975124
6345789012
6874950321
6025739841
6495018237
6583702491
6253817940
6198743025
6014875239
6105382497
6439720185
6804273195
6048317529
6479580321
6948513072
6847305192
6179843250
6921587340
6291043587
6312708945
6321548709
6483170925
6072183945
6917352408
6582947013
6107294538
6245710893
6952403718
6329408715
6350982714
6847103259
6059174823
6157903482
6023147598
6713548029
6540819723
6590712438
6342098175
6387024915
6927504138
6307518429
6823574190
6139574082
6781530429
6710453298
6019782354
6290581374
6348521907
6489257103
6810735924
6754109832
6902173458
6179032845
6218530947
6057241389
6749358102
6285943107
6312094578
6478921035
6291408375
6834971205
6920584731
6738405291
6741890325
6245073918
6087351924
6053129487
6849513027
6092418573
6213079548
6731829405
6159823470
6510732984
6508729143
6143587920
6028715439
6517028349
6410793258
6972834051
6827034915
6078293541
6702581943
6132504897
6173459820
6180297534
6894105273
6207415893
6374528910
6127459083
6239548170
6109348527
6254308971
6327509418
6820741539
6832074591
6250198734
6035271849
6902485713
6901843752
6380457219
6842357109
6798450123
6192703854
6428075319
6095817342
6347801529
6397214058
6510247938
6423018975
6971820453
6198302457
6582973401
6387192504
6385147029
6783905241
6301584792
6145083972
6980542371
6514983702
6581947203
6285413790
6184259370
6137029845
6435980127
6425890173
6145978032
6740912385
6039728514
6518370924
6089572431
6095172483
6429513807
6879053241
6379205184
6074912853
6593047281
6293401587
6925174083
6128097453
6409328175
6071253849
6104785239
6174830592
6872904513
6813254079
6183470295
6785039421
6318402597
6145783902
6230941758
6528391407
6175903428
6089357421
6807943512
6391802457
6352981470
6513089724
6973508124
6058172394
6793125480
6857319042
6315980724
6452708391
6397052481
6743290518
6035971248
6590381742
6508934172
6712849035
6435120987
6518037492
6482507139
6205918347
6423195870
6704598231
6072953418
6172980534
6857149230
6019237548
6078241539
6371825094
6239708145
6721803945
6102345879
6019254387
6530429871
6538419207
6073251498
6589437012
6940387512
6509783214
6219057843
6028953714
6204783591
6715948302
6908251347
6704831529
6973420851
6207413598
6750312498
6048293751
6593082417
6289015347
6482035197
6792413850
6093581724
6092481573
6805249371
6082475139
6749518230
6124539780
6542730198
6814295037
6731590482
6792048351
6254018397
6718035492
6971834052
6342079158
6351897204
6738149025
6298105374
6534102978
6480923157
6208953417
6841523790
6085924173
6519208734
6809527143
6325079148
6523479018
6341507892
6239078541
6987302541
6539847120
6423980157
6047893125
6041892573
6035482719
6857492301
6702398145
6049715328
6953081247
6903128754
6205487913
6294380157
6024837519
6105793482
6751480329
6145382097
6153704892
6281940573
6937084521
6213984750
6425371098
6382014579
6032789145
6283150497
6429537810
6024357819
6839415027
6520419873
6902813475
6098427351
6091784523
6982017453
6293740815
6517408392
6985347210
6417235890
6175023948
6709148352
6739482105
6304715289
6048127395
6398750412
6408529317
6987023451
6508791342
6291487350
6457128039
6803721495
6279845130
6954307812
6801924375
6245798310
6280934175
6843529107
6172843509
6291853704
6782153940
6847293501
6128970534
6295143087
6319802754
6124935807
6347081529
6294017385
6149823057
6137049582
6510798342
6872495031
6842590371
6513490782
6072958431
6135429780
6810972354
6079153248
6832547910
6529730814
6918274503
6172985430
6213459807
6513792408
6214793580
6278514093
6382904517
6479325180
6725413908
6931072854
6982705341
6935720418
6752014398
6018245937
6951082437
6034219857
6124589703
6072589413
6457832901
6470253981
6082791453
6498205317
6913804752
6324175908
6403892715
6142873095
6208514379
6982710435
6321754980
6403215879
6531748902
6532098714
6290758413
6893507214
6532749081
6073548219
6584172309
6358791204
6349120758
6719804325
6304289715
6495203817
6350498721
6138407952
6052143789
6019485237
6752183409
6150837492
6318794502
6452398710
6980541723
6972541380
6754891023
6814093725
6219035487
6028517439
6120438597
6317402985
6985172304
6041295387
6538270419
6427581039
6185432970
6190284753
6805724391
6830219745
6048319572
6957342801
6938401725
6920718543
6198243507
6705491283
6790852134
6987124305
6870531492
6804219573
6920731548
6189057324
6095347821
6204157398
6875109324
6543017289
6931087425
6715324809
6072548139
6918230457
6509872431
6782315409
6895271403
6378409251
6519240387
6319078245
6402185793
6395187024
6057243981
6013875942
6087493215
6470258391
6417230895
6397520481
6804291357
6837542109
6785910342
6391245078
6792813540
6310957284
6127053498
6874213590
6982347105
6127930584
6259134780
6721830945
6832540971
6487321509
6981725304
6745901238
6143079528
6954183027
6743851290
6582073419
6042791538
6508947312
6208137549
6128473095
6798041523
6987302451
6431890527
6742308591
6907483251
6813057294
6952340178
6720139854
6458170932
6283541970
6237501498
6510478293
6302791854
6954078231
6417209835
6783052149
6510437829
6389572140
6842709135
6095734821
6945782301
6187024935
6730194825
6594832017
6127583094
6342579081
6984073152
6935187042
6019328475
6325140897
6512790348
6975401823
6037985412
6387142095
6953278014
6258413079
6740258139
6841702359
6592873140
6789234501
6894175320
6598370124
6403918752
6283091754
6198257043
6579380142
6938705421
6237541098
6038419257
6024759318
6340127895
6420579138
6983472510
6941782305
6480931725
6918273405
6943057281
6720398154
6597803142
6749081235
6804192357
6097413285
6730549281
6712483905
6975421308
6270189345
6740251983
6984521370
6283457190
6814235097
6589071234
6925384017
6539180247
6598174032
6093415287
6348095271
6529138740
6529104783
6824130759
6132809754
6529173408
6741982053
6947318520
6170389254
6295017843
6527341890
6523798014
6451873029
6709452318
6180937254
6741239058
6832790514
6924357108
6982057134
6954801732
6309842715
6948235017
6824507913
6251340897
6049571328
6413207589
6704382951
6182973054
6921408375
6143875920
6714583290
6243918570
6038129475
6130785492
6013879452
6832179540
6301245789
6427980135
6125409387
6052917348
6803729541
6317809254
6812354079
6971438025
6532847109
6524038791
6875109243
6784320951
6729451803
6901347852
6257893410
6920451738
6908751243
6721890543
6972584031
6384917250
6701549283
6253984170
6472385109
6975230841
6425938710
6480315729
6098321457
6259801347
6295174083
6718295340
6258940731
6803142975
6281490357
6315748092
6978140523
6509247318
6957810243
6417350892
6289071534
6740281593
6538074291
6842539017
6307125849
6345897201
6381570429
6593042718
6248971035
6714085392
6205394718
6720439518
6147395208
6583479021
6902317548
6420837915
6149382750
6820391574
6432157098
6231579480
6397541028
6153809247
6790342851
6218507943
6431578029
6392017854
6124037859
6209853417
6358417920
6394702851
6438052917
6051379824
6120538794
6537120849
6890532417
6874520193
6517284390
6403798251
6213407859
6120847539
6807439152
6582409173
6423509817
6785910423
6219843705
6597308214
6504193872
6840157923
6451279083
6401829537
6592701483
6297513840
6728513409
6921835470
6250471893
6809723541
6905287314
6587034291
6571402938
6594120387
6108953427
6279135048
6829307154
6897254031
6437851902
6123589470
6392801475
6718340925
6391742805
6957342081
6125870394
6542819730
6318704952
6782539014
6910327854
6890237451
6325947018
6345918207
6124590378
6035942781
6821357490
6251073894
6845923017
6023519784
6705481932
6154980237
6709518423
6074918235
6709534182
6873294510
6150498327
6874532091
6832019745
6038172945
6509317248
6928035417
6813795402
6071598432
6348259107
6025394781
6342905187
6102438975
6342810795
6874123059
6745829103
6472085391
6109345287
6172035894
6317429058
6089724135
6284907315
6923748510
6241908357
6517908432
6453792180
6537412908
6025837194
6085147923
6312095847
6970318542
6983245170
6308175429
6327081459
6397815024
6308152794
6904385271
6378291054
6023574981
6721590834
6475319082
6209513748
6078153294
6042981537
6487219350
6215497380
6471398502
6435792180
6873902154
6708532194
6842359071
6184395702
6879134025
6083542197
6573901482
6895723014
6034872159
6809152473
6813209754
6972408153
6947123805
6138507942
6847510239
6074218539
6531087942
6517429380
6132804759
6740983512
6947032185
6913250478
6527439108
6234807915
6854203179
6817032459
6748531092
6345870219
6805329417
6531780942
6780934512
6412783095
6473591082
6398570421
6891740253
6235804179
6780345192
6529713084
6134709582
6271405938
6805219734
6057413982
6027591843
6842319075
6573241890
6372910845
6057324198
6207951438
6217095483
6915240837
6812450937
6594728031
6528349107
6158723094
6917280453
6382457901
6327519048
6704529183
6572349801
6032845971
6218490753
6408572193
6403921578
6425179830
6901472538
6370241985
6871034925
6419325078
6738950214
6387205419
6879241035
6153780429
6712930458
6851403927
6182059734
6429075813
6795018243
6148753209
6394057182
6923480157
6570139248
6207154893
6710924358
6457138092
6541809273
6359427081
6182370954
6052978341
6105394827
6032185497
6730514928
6528107943
6127594803
6074851923
6518092473
6490573812
6904312785
6574829013
6137598042
6278143095
6089547213
6894571230
6219407385
6385012947
6372901485
6318472950
6052871493
6028534179
6754019238
6382950471
6425079183
6207183549
6048197352
6759138420
6097258314
6431280759
6790812354
6174052893
6308257491
6324051897
6329405187
6318972405
6410983257
6348029517
6034917582
6432701895
6378150294
6174925083
6843571920
6137825940
6143298705
6791034528
6129547380
6074582391
6971238045
6205849173
6783051429
6542710389
6490857132
6385729140
6072314859
6410287953
6139045872
6493781502
6531279480
6720859134
6795280143
6293481705
6803479152
6783954102
6548107923
6754809312
6089143257
6147290853
6584971203
6723195840
6104589372
6157829304
6028379541
6392107485
6510789423
6398412750
6849352170
6014785923
6748591302
6092835174
6829753104
6172534089
6273149580
6714298350
6413798502
6032457918
6405937821
6972815340
6172350498
6987054321
6540931287
6930571842
6570923814
6051734928
6405187293
6214938705
6703852941
6491028573
6418370529
6412905873
6079248135
6824507139
6497125830
6019842753
6510389472
6715380492
6954078321
6531248790
6947135208
6423951078
6017534298
6173025489
6847350192
6172034589
6947150328
6819750324
6417528903
6973125804
6327805941
6981320574
6708951234
6752348190
6718409235
6531074892
6280371549
6917234850
6738251904
6573410829
6412598073
6897205134
6208491573
6709423185
6980435217
6741059283
6517049283
6701942853
6450793128
6907835142
6029137485
6214085793
6540712389
6814572930
6851037492
6581372904
6241870539
6152389740
6098135724
6785391024
6790581432
6280459137
6418923075
6209845173
6879130524
6138529407
6953487210
6543910782
6372014598
6857139420
6149537820
6351789204
6932784015
6408795213
6425798301
6075891243
6278043195
6427593801
6591870324
6509271843
6052893174
6831295704
6149278305
6814703592
6890253174
6921387405
6591743802
6927410538
6503719824
6470923185
6298034157
6927513048
6381297504
6258714390
6419370825
6379015284
6984510327
6130847295
6739204185
6072195438
6942081537
6137945280
6482301759
6971524803
6095241738
6301458297
6583741029
6839247015
6187924503
6348957012
6978301542
6051483279
6370892451
6029371485
6981243075
6472391058
6578430192
6241093758
6792043581
6583204917
6439150872
6385192047
6718309524
6249307185
6739058241
6709135824
6743582190
6790285143
6590714823
6931254087
6105937284
6045873291
6708241539
6908712543
6297014583
6847109253
6581472930
6479815320
6540138279
6549172308
6027843519
6487129053
6452170839
6859320471
6951428307
6592731480
6074213895
6925140837
6341807925
6540372819
6741509823
6185027439
6194520783
6540972813
6930527184
6791354082
6814297350
6308542917
6597230184
6092341875
6847529310
6213478905
6879540321
6859014372
6853479012
6520837914
6748503219
6981704352
6538127940
6980524137
6753981240
6948502137
6702593184
6419538720
6841297053
6394728051
6241970853
6349052871
6724890315
6157082394
6931475280
6302975481
6230748951
6452890317
6987340152
6758340219
6458209137
6275834901
6319485702
6928130754
6198270435
6820795314
6915428073
6235109487
6387450291
6479083512
6712803549
6138950742
6925034781
6957410328
6139582407
6405978213
6052497813
6517309248
6309174582
6023817549
6120579834
6789453120
6359478210
6372045981
6540981732
6831579024
6321509748
6184705392
6925034187
6408219753
6485901732
6021384957
6817450239
6418579320
6947038521
6731280954
6593741280
6124387509
6143925780
6905248371
6349817205
6541087239
6471950283
6810239457
6570489321
6375294810
6879310254
6459208137
6287519043
6279403185
6841035279
6519847230
6217894530
6985417320
6295704183
6401237589
6754280913
6420918537
6389547021
6507348921
6495702813
6245903781
6981250734
6392580714
6745310289
6831904725
6309174852
6429805137
6359472081
6931780542
6347829150
6812703549
6921840537
6492751830
6298507314
6281340795
6479218503
6240185397
6230591847
6582340791
6920345718
6841239075
6025781349
6375148290
6201735498
6379482051
6851029473
6980457213
6371285490
6078439152
6954312807
6517809324
6958107423
6251743908
6852741390
6034857219
6417250839
6975130824
6587219340
6123785409
6728195304
6382950471
6981052734
6853479201
6945803271
6752913408
6518079432
6527348091
6389742015
6384057129
6927831045
6379485201
6953420187
6837194520
6895203714
6827019543
6041839725
6891403527
6827153049
6951734082
6849521037
6420897315
6917485230
6437581092
6091342758
6031975824
6038572194
6712543089
6520389147
6508712943
6807125349
6892315470
6570143982
6048315297
6923541078
6480371295
6740295318
6173024895
6219504783
6437025918
6209815743
6175493820
6187492053
6724830195
6075981324
6498372015
6710528943
6237105489
6195047382
6034587291
6197324580
6473521809
6590241378
6183495207
6738294510
6987234501
6829034715
6174852390
6480792153
6258790341
6051349287
6284597013
6801947532
6031457892
6849250731
6721308549
6437918250
6541328907
6321890457
6583170492
6903821547
6402317859
6480591237
6312879405
6380951724
6579140328
6814275390
6203791584
6850324917
6732809415
6728490513
6431587920
6125349780
6405139728
6102834957
6970214853
6302754891
6239750481
6102584397
6189705234
6192478530
6945073812
6520894731
6507439218
6421398570
6230975418
6049123857
6729351408
6307159248
6320971458
6931825047
6381754920
6508127439
6513940278
6243198075
6403591782
6829031574
6345210798
6183254970
6523417809
6509142387
6192548037
6238491570
6045132879
6951423780
6359128047
6789041352
6312548709
6413208597
6714953280
6839574210
6527840139
6298574103
6958372140
6985401372
6740592831
6251837049
6491705823
6854107932
6841235970
6714230958
6917438025
6319472085
6284510793
6527481390
6854903712
6893410572
6592430178
6831052497
6914702583
6425839071
6720315489
6740129835
6412807395
6178403295
6875041923
6029471853
6178504239
6234871059
6794153028
6897145230
6157842930
6941502738
6523104897
6139724580
6945780123
6837142905
6587930142
6079825341
6521074983
6285970431
6072418593
6398715420
6154937082
6758209341
6045827391
6310497285
6287514390
6953014782
6583942710
6405921783
6037149825
6317054982
6982407315
6805231794
6283079145
6071598342
6153078492
6391542708
6382410759
6548793021
6738021594
6953718420
6397851420
6892413057
6085237149
6045738921
6278314059
6241980375
6527498301
6941582307
6527948310
6579802431
6198023547
6508172439
6874231059
6850719432
6753489210
6598123407
6940273851
6154372809
6058392741
6705283941
6597108432
6819573204
6839075124
6970325418
6259837401
6184372509
6438957120
6371042859
6238401957
6407193528
6294317508
6189470235
6493270158
6180374529
6310847529
6952374801
6913528470
6890157342
6285713490
6315279408
6938142570
6953840712
6835021974
6970821354
6987213504
6873241095
6897034521
