1820356794
1460829753
1675439208
1379620458
1730684925
1627945083
1293480576
1650497238
1429563780
1375894026
1207854963
1724063589
1804729563
1340829765
1976845032
1973024658
1970482536
1908327465
1549370286
1830742956
1453692807
1926470358
1675042839
1094258376
1439652780
1907856432
1675408329
1560394782
1642395708
1937648502
1049753286
1564730982
1504389267
1674398052
1507986234
1087534926
1543289760
1237896054
1453960782
1089273546
1875362049
1847296350
1987536240
1590243768
1034957826
1345089726
1036594728
1852403796
1537084926
1354260798
1436957820
1458629370
1084792536
1326840579
1409625837
1345720698
1748906352
1650324798
1426739085
1406289735
1297358406
1438257960
1487620935
1378496052
1643829705
1460293875
1927684053
1083659427
1023786945
1963754802
1478259630
1468792530
1725869034
1025674398
1970356482
1749036285
1536287940
1276038594
1237945860
1902853674
1293478605
1658274093
1042869537
1460523879
1984620537
1548397062
1658903472
1598306247
1986425073
1956084273
1586049273
1628395074
1486790532
1527346980
1890672534
1863750942
1463785920
1984532076
1045379826
1354068297
1207843569
1490375862
1309267485
1432076598
1874639520
1672953840
1752043968
1805643927
1298364507
1956087342
1298307654
1207943658
1478625093
1786532049
1068249753
1763209845
1675093482
1820549637
1938257460
1205863749
1723895640
1345092867
1028647539
1738056492
1280964735
1763485290
1856243079
1479560823
1487965230
1980745326
1457960238
1360974258
1708529346
1965248307
1458632790
1849023576
1704896523
1023745968
1069428753
1348026597
1054879362
1905386247
1439876502
1398576024
1327456809
1503674928
1258603749
1326840975
1342069857
1809546732
1750982463
1047825396
1453728069
1482675309
1350946872
1537896042
1952607843
1374856209
1064852379
1746258093
1402876539
1845796320
1562430987
1864207395
1780593624
1476209583
1578046392
1930827456
1765948302
1730458962
1324987650
1357082496
1425987306
1789245603
1867540932
1258493670
1742950683
1265307948
1639270854
1408952736
1432805679
1864395207
1628940357
1783042695
1790468352
1709834526
1759382460
1572634890
1572380469
1967042385
1632749508
1906238745
1278395604
1327564098
1720854369
1738942650
1702439586
1794260538
1863409752
1357209864
1735820946
1357904628
1709834526
1390472865
1078234659
1089453276
1678923504
1374029685
1893472065
1492378506
1648305297
1657093248
1860279435
1548790326
1609278543
1583042697
1573284906
1869432075
1734058296
1052769348
1857096342
1379580426
1865902374
1062547893
1457238609
1837205964
1824569037
1048925376
1467029358
1395264708
1953462780
1548607923
1548903726
1208367459
1562349870
1850243796
1826473095
1894032567
1764932085
1259483076
1806549372
1478320659
1029678354
1482396705
1935076482
1049762853
1598362740
1263095487
1894062573
1389502764
1957860324
1860452793
1260547839
1873052649
1028746953
1350469728
1084239756
1794852603
1695842730
1256783409
1304276598
1237548690
1685027943
1435870269
1084273659
1036247589
1857432096
1360975248
1309674285
1932058467
1273058964
1706928543
1465079832
1539627408
1729460583
1298746350
1402579638
1670839425
1469582703
1564239807
1608932754
1253978406
1357498602
1589072643
1387295064
1563028974
1708469235
1647528930
1472698035
1027945683
1462587903
1345078269
1490637285
1768509243
1857406923
1325680974
1356984702
1568429730
1784356029
1965284703
1639750824
1689702543
1350268749
1306782459
1849036572
1583902647
1845630972
1395087642
1374296805
1427508369
1527489603
1407653982
1936584072
1385074296
1698074523
1896503742
1289435607
1346920758
1524876093
1345097862
1968254037
1426053978
1706524389
1857420693
1342089576
1063745298
1284739056
1856479320
1659308472
1537920468
1907324856
1593427086
1709856243
1653940728
1058746293
1405638927
1930476825
1920735684
1204967538
1365498720
1406298375
1279805463
1938275046
1974536802
1079465382
1203987456
1736590428
1908635427
1436027598
1045267389
1270534896
1970583246
1438697250
1905736482
1047685923
1935048627
1359784062
1764853209
1098764352
1974326508
1360849527
1982543607
1523764098
1207365498
1038796452
1689437205
1283640759
1264058397
1253876094
1789052643
1263809745
1470362598
1268405739
1307456829
1672580394
1497356208
1780564923
1693240785
1790468532
1849602357
1296853074
1537824096
1962374058
1458903267
1425387609
1437962580
1629375804
1735842096
1872605493
1947836025
1752864903
1452670389
1309284567
1680795234
1023968547
1398462705
1028634957
1284096573
1024975638
1036452897
1395876042
1683492750
1376290845
1078345926
1947028356
1640859327
1562980473
1786250943
1842657309
1476382059
1245687309
1589037426
1529834607
1350289746
1823650479
1653280794
1489752063
1890346752
1927635408
1823540697
1562489703
1347609528
1286479053
1745920863
1756409832
1527693804
1852763094
1432509867
1873462509
1673584902
1902786453
1823740596
1265830794
1358260479
1932785604
1206384975
1467928530
1645782039
1657342098
1439620587
1634859027
1246530789
1753692804
1263057498
1834697205
1394062578
1796584320
1945726803
1749830265
1328967405
1879263045
1957063842
1759382406
1857409623
1263754098
1285063974
1967428503
1458720963
1289305647
1508936274
1948236075
1879265430
1546738029
1208693574
1290367854
1372908654
1379084256
1543982607
1570346829
1259468073
1459328076
1940328756
1425867903
1370568492
1240635978
1972645038
1824379065
1487203965
1245968073
1925806473
1647058932
1907532684
1903872564
1640279583
1240938765
1954203768
1609275348
1863079425
1986750423
1986245370
1943687250
1658203479
1630528497
1734962085
1354986720
1382640795
1245069378
1028946573
1320964587
1629058473
1067254398
1652739084
1539482706
1805429367
1953627048
1068253749
1087439265
1208943657
1409532867
1236749508
1572486930
1760342598
1743926805
1607423589
1543869702
1357869240
1572804693
1936074825
1630845972
1427985630
1087425396
1579860432
1287659043
1506932487
1659328407
1853064972
1703695284
1697325084
1507682943
1845297036
1983647052
1490832567
1382705496
1704563829
1264950837
1467023589
1380264957
1974638502
1084275936
1840392675
1783402659
1902378546
1620785439
1734598206
1375960482
1789623045
1267498305
1097456823
1025789346
1734609528
1746358920
1208965374
1379065482
1649508732
1750968243
1357982064
1542078369
1439058672
1254709683
1732560849
1820347569
1593702486
1729386054
1597238604
1603972458
1276493508
1342965087
1098376425
1564302789
1406583297
1049673528
1023495687
1493056827
1049567823
1476205938
1237685904
1824305796
1352987460
1295670483
1352970684
1234758069
1823795064
1370852496
1678293540
1972650483
1324687590
1082349675
1736490582
1392745086
1584796032
1670942538
1435987062
1308472596
1429356087
1792580346
1860432759
1342589760
1984236705
1250764389
1352479068
1079465823
1435072986
1753486029
1324859076
1864350792
1647932850
1596340287
1702948365
1526374098
1327480569
1376249805
1940876523
1938206457
1956247380
1423568970
1076538249
1348560972
1523084697
1946527380
1629384075
1985627043
1876095423
1064953287
1758962304
1683752049
1594072638
1735620894
1043267859
1530946728
1087934526
1296074853
1849326057
1705362489
1507643298
1342689705
1476083259
1274508693
1246897053
1839276054
1874602953
1860523497
1802796435
1973480652
1237860549
1453298670
1960437852
1405973286
1078632954
1389672450
1940625837
1426530978
1950234678
1960735482
1209756834
1695307482
1620398574
1897532064
1583792604
1497620835
1927068435
1976305248
1437892605
1956278430
1769425038
1937408562
1957234680
1394568270
1364028597
1408265937
1893624570
1073692485
1042983756
1074582963
1924536780
1725843096
1023897645
1479280653
1437256908
1490752683
1473629085
1325678490
1780594623
1286734059
1038956742
1356294087
1302564789
1560937284
1975430826
1792460583
1957283046
1763902584
1028945736
1589036724
1793824650
1567249830
1058349726
1390256874
1560478923
1496208573
1742085639
1374950628
1605937428
1862795430
1065238497
1695342807
1802549763
1526974308
1938265047
1083679425
1073925468
1027359468
1635409872
1456983720
1592730684
1502496738
1904865273
1520736498
1798460532
1863904752
1345982607
1409753682
1965238047
1086534279
1425079836
1092543678
1675340829
1356924708
1068953724
1560237489
1326704895
1709582364
1542837069
1738205694
1508729436
1768423095
1095638724
1367890452
1950874236
1936745208
1482065937
1497568302
1408567293
1834627590
1946872035
1083275496
1235489670
1954763802
1690438257
1847563290
1569278304
1307624985
1748920356
1950673482
1489275360
1748290563
1648270359
1857093264
1903745268
1570439628
1359720684
1497283560
1409285637
1506834927
1062379845
1957086423
1072965843
1095436872
1923084756
1049832765
1572309468
1476258903
1608952734
1245830769
1685290437
1453978206
1697502834
1470825639
1423870659
1309568742
1640957832
1046983725
1853420967
1467205938
1746592830
1286409357
1382407569
1823069547
1932657840
1284059673
1042865937
1426037958
1582349607
1450329867
1837452690
1547290368
1963420578
1708542639
1759820634
1043268975
1958367402
1458032967
1209458673
1539248760
1307965284
1930257864
1265738904
1036547298
1409352786
1205463987
1053496782
1824065793
1538692740
1840759236
1789024356
1954376280
1432790658
1302768954
1736429058
1204763598
1607582943
1036524897
1234098765
1270938465
1450397826
1278956043
1607853249
1835067492
1204659378
1832076549
1902376584
1629357084
1845739602
1045923867
1548690237
1087935462
1047852693
1629475380
1825037964
1467509328
1792046853
1706254938
1754983602
1268309574
1359826407
1657304289
1305742869
1258406973
1450637289
1753049628
1389024567
1624375980
1678350429
1654927803
1406972385
1946502387
1420375689
1572639480
1386402579
1374028956
1857260394
1423076985
1430629587
1072436598
1578063429
1473928560
1405763298
1582603479
1674953802
1562483970
1890275436
1058367942
1748925306
1023485679
1348796025
1625839407
1495062783
1236854907
1437258960
1286453790
1608534297
1453829706
1682793504
1928073465
1758240693
1093562847
1048926735
1079364258
1428036957
1567240839
1043956278
1359408267
1593028764
1598246370
1908275364
1728049356
1036789425
1630945872
1953602478
1279038654
1397582064
1270584396
1382064759
1527643089
1274905836
1390725648
1793562804
1093627854
1827960534
1328956704
1405973826
1940738562
1783495602
1429506387
1896435702
1026453978
1257806493
1802746593
1749235806
1940367825
1864302597
1960753284
1730946825
1468593270
1640289753
1476502389
1984523670
1648907352
1507824396
1263857094
1832657940
1045632798
1467593208
1862974503
1369824507
1896054237
1037524968
1238675409
1635289074
1470659832
1582679304
1435762098
1327650894
1685270943
1687403952
1076592438
1540298637
1406829573
1637894502
1695302748
1473296508
1296738450
1745628903
1492567380
1630579842
1045329876
1750682439
1365924870
1739480265
1934508672
1698054732
1527094836
1976453082
1359274068
1958734602
1753806924
1465382709
1740892356
1078463952
1768495302
1942860537
1756894320
1854603792
1502649387
1045786392
1586947320
1592803476
1936270548
1647359802
1625893740
1075329846
1953274608
1538970642
1054679238
1523968740
1975634028
1348596270
1340627598
1735968240
1902468537
1906452837
1647059832
1803697245
1423058796
1093647852
1068347952
1892436057
1297056483
1935807426
1857304296
1567930248
1857392046
1946308275
1639084527
1760245938
1765483092
1569038427
1354296087
1703692854
1467380529
1403592678
1423805796
1409267835
1475608932
1043862579
1753684029
1853769042
1572069483
1520479368
1275309648
1970685432
1326978540
1853027496
1049257386
1058247963
1450892736
1942670853
1407935286
1875903624
1574986302
1436580927
1602874953
1743589026
1642857903
1835260479
1058764239
1908547326
1394058267
1946207538
1756094238
1760248359
1364802975
1483052976
1529068734
1745238690
1267083495
1250798436
1253840697
1028654739
1452037896
1246857093
1956327408
1872490356
1526793840
1486350279
1732648590
1283469750
1527098634
1986432705
1853926407
1920746538
1602943758
1528034796
1236579804
1837049652
1450298376
1238069475
1952837604
1374092856
1406289573
1542709683
1804392756
1958364270
1735940268
1907345862
1263758490
1432067589
1976548032
1945362780
1893520476
1427083956
1867249035
1850327469
1392485076
1095248637
1605934782
1576328409
1325476089
1894065327
1609435278
1530948276
1823065749
1406739825
1369570284
1905248637
1837046925
1267098345
1763594208
1429865703
1635470892
1296345780
1835740629
1239560874
1624390875
1578403926
1053897462
1946032875
1784605239
1472035986
1698745320
1406783925
1562947083
1978640235
1702486593
1486257309
1639547208
1560428397
1725603984
1723509468
1438062759
1305296784
1093847625
1035624879
1276534980
1569723840
1486395072
1294830756
1035289674
1304698725
1423759086
1348062759
1692574083
1597083642
1476389520
1983426507
1398470526
1256084973
1208769435
1059873624
1360549827
1960587342
1230658947
1438290576
1583097246
1096425387
1524839607
1426053897
1965843207
1865392074
1472938650
1253468790
1092436587
1268475093
1920587436
1326904785
1984520736
1652394078
1634598270
1293650874
1942756308
1245098367
1973502468
1376209548
1276439508
1073649285
1625047893
1985246307
1267345908
1834765029
1705634829
1647953028
1583469207
1729506843
1083647925
1980273456
1340826597
1392756048
1238709546
1397026548
1425680793
1684237590
1270956843
1459068372
1573294806
1825306794
1567832940
1973204865
1943786520
1564827039
1823574906
1528906374
1048265793
1365270498
1562793840
1382564709
1895670423
1938475620
1704586329
1293850746
1284796503
1539276804
1826094753
1548093726
1970483652
1376250498
1568749023
1704968325
1094823567
1697328045
1769438520
1347680952
1037962845
1306854729
1362748590
1209457863
1325908476
1235796804
1470862935
1786053492
1796380254
1054823697
1593084672
1206375948
1930274685
1364092578
1823045697
1382694507
1037896254
1807234965
1736045928
1902546738
1798065243
1947502836
1567403928
1643208759
1837264509
1748026953
1563487902
1742390865
1536420978
1879526034
1092837546
1269507438
1264783950
1290365487
1094657283
1702549638
1054673928
1289654037
1498570236
1098267354
1538927640
1953842706
1495872036
1720953846
1069275834
1295306487
1932085476
1728350964
1982306754
1850246973
1860245937
1732960854
1842960357
1238654907
1907325864
1348590726
1742386095
1289650374
1205746839
1943865720
1304598276
1629758430
1648327095
1957062348
1328905467
1034968275
1365048972
1259804367
1620473859
1327894560
1378649250
1736829450
1520734869
1849607523
1987064352
1528067934
1709548362
1892365074
1947802653
1023846795
1395064728
1358094276
1903746285
1456897023
1607435829
1763840592
1687940352
1375902486
1479630582
1709854263
1245378069
1308279564
1298630457
1675230489
1896370524
1075268943
1972605384
1674503928
1798452603
1569348027
1375924608
1079684253
1846253790
1072438695
1524798063
1374059826
1856023974
1324659807
1897054362
1348029567
1302867459
1748930526
1657098432
1769253804
1682035479
1257406893
1486975203
1642053789
1584273906
1697258430
1578692034
1307568924
1369542807
1543097628
1349068572
1569304287
1298650743
1354982076
1384750629
1593827046
1835927046
1065972384
1937825406
1653049827
1543980726
1358049762
1398725640
1423589067
1854306297
1624058937
1432870596
1634278059
1964073528
1978640523
1625497038
1780265943
1045829736
1258934760
1823407956
1374058629
1592640378
1504279638
1528406937
1934065827
1859634072
1675492380
1237846095
1823796054
1203957486
1359406278
1423768950
1084679352
1279805346
1487260395
1584609273
1038926754
1067254839
1736094825
1938720654
1420638759
1645723089
1084923765
1253498076
1052934687
1596028347
1467298053
1697085342
1948057326
1637809425
1704539286
1376802495
1867234095
1384690527
1078926534
1236408597
1703685492
1573964082
1205967384
1729506438
1954682730
1795684320
1647205839
1032697854
1045869237
1357892460
1903547268
1625407839
1450763298
1423689507
1670854329
1369408257
1396847052
1573084269
1732849560
1693745208
1569372408
1203657984
1584029763
1037298465
1762345098
1064739528
1293046875
1570439862
1287536409
1084935672
1206579834
1028649735
1306458927
1693074285
1462753809
1547608932
1920435867
1360459728
1358764290
1493067258
1074862359
1427359608
1647239508
1273089546
1709235684
1059734862
1894750326
1238940576
1503248697
1287560493
1357428069
1293456807
1856074923
1698352047
1293487065
1952806743
1963875240
1679348520
1580426397
1964805372
1503468297
1928463750
1502987436
1768245093
1687235409
1247503869
1659042387
1792635048
1038249567
1937546028
1648532790
1267534890
1806543927
1987536420
1683794520
1367409825
1032546897
1275893604
1463582790
1976320548
1378245690
1362758049
1860243957
1539726048
1908643275
1863405792
1805397264
1478956320
1240678359
1325946087
1305729684
1397840625
1067832495
1028974653
1035947286
1504796238
1480536279
1372854609
1845063729
1857246309
1827953406
1672805439
1436758920
1276953084
1285746903
1674809253
1672039548
1647589320
1367498025
1246730859
1308654297
1067852349
1584297630
1684792305
1926807534
1856409372
1294567380
1874953620
1789523460
1650947238
1829435670
1096584372
1872463059
1860432957
1947583260
1627459083
1378065249
1572839604
1359628704
1570369824
1408753269
1594286037
1645380279
1748956032
1268579043
1753240698
1798206345
1467930285
1683029745
1408263975
1937468205
1593762480
1098463527
1803795642
1572436098
1469708325
1759834026
1965437820
1709826345
1094876523
1958732604
1509672438
1859704632
1589320476
1986057342
1076528493
1754260398
1359680427
1953672084
1395640728
1504362987
1543870296
1609258743
1349780526
1578234096
1490376528
1632847905
1279086435
1807423965
1957380426
1728456390
1837604592
1357290468
1925438706
1602948735
1970246583
1650974832
1685732490
1752834069
1475392806
1485279306
1729853604
1840769352
1538294607
1528974603
1582760394
1980542673
1735428609
1723085496
1539604782
1273509684
1689754023
1746529308
1309684275
1380469725
1740658329
1654073289
1835704692
1643875920
1439826075
1097582643
1327968405
1246359807
1529806743
1260498735
1874063259
1846573920
1256740389
1243508967
1452803697
1390462875
1845960723
1987605423
1356824970
1370948526
1604975328
1645902783
1394286075
1342895607
1340587269
1750483296
1293480765
1390784625
1985420763
1925430876
1698075432
1608293475
1382560947
1248036795
1379526804
1908246753
1507492368
1089245763
1284603795
1593472068
1803796542
1389206457
1703249586
1943607285
1085362794
1043926587
1340582697
1053694782
1204637958
1280796543
1359248760
1743890625
1768504392
1594207863
1562087439
1354720968
1204759638
1493760285
1846052793
1530246897
1427308596
1327985640
1354906827
1847963502
1240978365
1432756980
1324569870
1724036985
1049587236
1098673254
1567283940
1482690375
1046839752
1705698432
1863275409
1608247539
1027936485
1329806457
1463289705
1548639207
1425837096
1968203574
1637958240
1498367025
1564327089
1290534768
1037849652
1735269048
1367520849
1692450738
1530842697
1605923784
1865437029
1205936748
1549723860
1935028467
1769085342
1270485963
1034769852
1795068243
1578629340
1746098235
1526980473
1582374096
1934052867
1748320956
1084579362
1796248035
1367942058
1860354972
1790635842
1604759328
1875249063
1875402639
1526709348
1725038469
1256398407
1532987046
1907538246
1608324597
1426839075
1248956307
1052864379
1457908326
1320796845
1436580297
1409723586
1264798035
1069752834
1928360745
1023654987
1734568920
1389072456
1820795463
1204837596
1840253769
1970653428
1942650783
1689054372
1574280639
1207835694
1582703946
1762890453
1072834956
1475302968
1238965740
1068539724
1460289735
1476082539
1928604573
1734608529
1907835462
1472936085
1268074935
1708465392
1208649753
1274596308
1670849325
1583970246
1952834076
1239057486
1965437208
1673059842
1968720453
1749503862
1568294073
1635897042
1624980375
1420965837
1760984235
1657048392
1286307954
1245379068
1943208576
1560324897
1697584320
1649570238
1368027495
1607293584
1068357429
1246305978
1790563248
1908427536
1394807562
1062389547
1580926347
1360247958
1326570894
1785063294
1380524697
1847526309
1468579203
1098256347
1756892340
1956283470
1659827034
1093456278
1652438709
1604985273
1638975240
1264837590
1897623045
1758624930
1475893062
1953782460
1028647539
1294736805
1789034256
1539746208
1830695427
1869237405
1537290864
1570493862
1792684503
1284635907
1943657802
1209483765
1728465093
1749862053
1964035872
1634987502
1046987523
1476902358
1573962840
1852364097
1234598760
1203564897
1468037295
1764358290
1476325809
1807325469
1760892435
1367805294
1680927543
1754923068
1052739486
1205849673
1804267539
1024659378
1043967582
1406285973
1657943820
1806759324
1985247036
1657830942
1495820367
1748930652
1350826749
1685720493
1408239756
1268905473
1703894652
1876259430
1479680235
1284963750
1807259364
1943720658
1657480932
1765042893
1039465782
1459023876
1968043725
1486725930
1325679480
1429357860
1904687532
1697043528
1482706539
1590248637
1765240938
1758042639
1852743690
1279680345
1704632859
1390528746
1460529837
1735096824
1749523680
1946503278
1805437962
1835406927
1624758039
1204986735
1240876395
1708259346
1679804532
1029675438
1930862475
1237085469
1039452678
1708963452
1436278095
1703945268
1028396547
1780596234
1836247950
1520694873
1750426398
1324589706
1830796254
1963407852
1087293564
1398754602
1690258743
1649852307
1897456032
1253478096
1059436728
1276543089
1702594836
1052479683
1067285934
1786043529
1035678429
1346852709
1609873452
1932674850
1982436075
1239864057
1350684279
1827356490
1905274638
1342890756
1794283605
1872963054
1937506284
1580463792
1249083657
1982574360
1547296830
1926508374
1078426935
1594273860
1257048396
1840729653
1907436582
1437258609
1304675982
1892347650
1205369874
1984027635
1359874602
1084956273
1640937825
1982406357
1826047539
1528063497
1306287954
1923058746
1897365402
1936840275
1754290836
1376284950
1806372594
1596270348
1936504872
1748269035
1239684057
1862973450
1487250639
1390752648
1632875409
1958270346
1594603872
1970236584
1483750296
1025473689
1786952403
1546308729
1475806239
1938670245
1359408276
1829634750
1865732094
1035746928
1052837496
1289674035
1029536487
1635804729
1287650493
1267809453
1627403985
1529786304
1638297405
1037258496
1583096247
1098374256
1837560492
1392506478
1429587603
1240758369
1298064735
1062738594
1698573042
1067435892
1389604725
1034896752
1580427936
1064589732
1940368572
1487605923
1259374806
1296740583
1725649308
1432807569
1528746093
1874069325
1268043597
1043965728
1986573402
1085764932
1825903476
1748396205
1962573408
1602483795
1059638427
1930587642
1705236849
1803752469
1850429637
1763054298
1978240563
1923465870
1950372684
1324065987
1037692845
1632850479
1073654289
1724608359
1346592087
1359048762
1854930267
1836972405
1460357289
1074239865
1736459802
1638027549
1784693205
1837592046
1708543962
1246859307
1326047985
1842975360
1705689324
1075268394
1905842637
1208357946
1398572406
1476925083
1205698374
1925380647
1943670825
1895063247
1285704396
1497023685
1394250867
1635840972
1475038629
1308796425
1473682950
1597283460
1038574296
1405738269
1978345260
1709485263
1204567839
1324697058
1927035486
1896073542
1465782309
1403529678
1062493587
1705643289
1057864923
1976045832
1907326845
1879236450
1592340786
1670539482
1027564893
1970642583
1432657980
1659820734
1405289367
1859703642
1937845062
1967340825
1756034289
1584293607
1684053279
1528934670
1980657243
1495327680
1367928045
1245670983
1586497023
1284960573
1596843027
1897243056
1425390768
1245098736
1785436290
1245809736
1892735460
1059267834
1734509826
1247806593
1735249068
1397068245
1732048569
1796238450
1478602953
1268359704
1547936820
1524369708
1052796834
1752093468
1609475823
1293864057
1748209653
1903642785
1032764958
1026789534
1639247058
1539824760
1602834597
1305726894
1485372609
1236580497
1459638027
1760584329
1068924537
1974086523
1368274509
1605789432
1206379485
1064532789
1386509724
1035674289
1475920368
1058972346
1354608972
1320945678
1056934827
1382056749
1408723596
1748539026
1965278403
1380257469
1597640328
1984076253
1706958243
1804925763
1507368942
1386275490
1478630295
1307824569
1685940723
1756402893
1926578034
1360924857
1749026385
1372604895
1894026537
1498627350
1387946502
1863207459
1854036297
1538490627
1506243879
1547908263
1280943765
1097468325
1405879326
1570489632
1849367520
1425670938
1745308296
1529647038
1708593624
1529064738
1308652947
1809637542
1283459760
1846795302
1690583742
1580936427
1960852437
1958403762
1048957632
1608735294
1205976834
1087249356
1947268503
1635098427
1398564027
1356984072
1829543760
1709438652
1786052493
1354860927
1358426907
1476820359
1063947258
1345860927
1842936507
1706954382
1876305294
1673042985
1263854097
1748690532
1425796803
1754802693
1903682457
1973685402
1069384257
1379608524
1240836795
1294368750
1560273849
1035279486
1697054832
1592837640
1852673904
1237850496
1075398642
1930674852
1543820967
1456870329
1932680754
1407962583
1432768905
1095726438
1890467352
1839465072
1763245098
1049587326
1593847062
1582403796
1258637490
1345796028
1278560394
1832796045
1854972603
1480936725
1038692574
1692435780
1053794826
1206483597
1567908324
1705268934
1046597382
1536978420
1029543768
1478235960
1254096378
1326847059
1709352846
1473852690
1985632470
1702563498
1802573694
1964503872
1389564027
1965483207
1324968705
1874695203
1698724305
1894723056
1073986542
1795086234
1462738590
1649703258
1683529047
1892037546
1796502483
1802954763
1670843259
1342750968
1852307649
1704965382
1234097586
1639408527
1567398240
1742563908
1326908574
1895037246
1935248760
1072956843
1340729658
1047598632
1685490327
1537482690
1657092348
1042783956
1926540738
1864579203
1407982365
1067928354
1425698730
1897430652
1364095872
1726354809
1294058376
1647925830
1732645809
1305746982
1964753802
1475698320
1892403576
1564097238
1937206845
1035297648
1675048293
1483965702
1964732508
1034862975
1502637984
1054673928
1589032764
1029875364
1926035478
1249603875
1698432570
1480975263
1975328640
1360879245
1758462930
1742630895
1942586073
1624975083
1572408963
1085624397
1064785239
1482750369
1753860249
1209854637
1768239054
1659803472
1536482079
1896547302
1924658730
1039476582
1964382507
1405823769
1407358296
1674932850
1083527649
1273605498
1379628054
1784695032
1608394572
1507634928
1643298570
1236470958
1270584963
1293805647
1354729860
1945270368
1596730824
1527498360
1702369584
1396827540
1982654307
1762983504
1632489570
1643509872
1847326590
1945762803
1532987406
1739584026
1279065834
1036789452
1589637402
1704359826
1540938627
1729460358
1485023697
1657042938
1635024789
1452680793
1354768092
1730892654
1407369258
1538247096
1752468093
1924860537
1064593728
1395840276
1543806792
1086532479
1457693820
1043682975
1304256987
1763928405
1597648032
1082439675
1463072985
1083745692
1036247589
1627389540
1342679058
1965074832
1608427953
1074698352
1562978043
1074539682
1753968240
1246350987
1896457320
1837429506
1694805237
1875260934
1054326789
1904853726
1806497523
1542308697
1285639074
1805239476
1435729068
1378052964
1607349528
1793405286
1892643570
1052693748
1406397528
1357804962
1807465923
1036892574
1820437965
1842697503
1743586290
1306279845
1754289306
1423859607
1693240857
1742360598
1249783506
1053897462
1827439560
1736829405
1098674235
1460398257
1385604729
1356708429
1287593604
1603572984
1359284607
1769425038
1537409862
1620738549
1408297563
1634927508
1795043826
1836952047
1027384569
1902378546
1305947628
1905283476
1637025849
1357402698
1620349578
1096823475
1874305629
1274386509
1875360942
1974860235
1385792046
1370528694
1057246893
1729638450
1304528976
1750943862
1964302857
1735649028
1207365489
1839572640
1067982453
1725098346
1435960827
1547089236
1720563948
1297836450
1748953620
1703925486
1076984253
1495236870
1705948263
1562970438
1239567840
1962053487
1946802537
1765934280
1204365897
1624978035
1038796425
1894267053
1058369274
1492506378
1895326047
1487203596
1380729456
1480267593
1024386795
1548276390
1436597082
1407258639
1697504283
1642985370
1608529743
1692403587
1694872530
1845372096
1698543207
1675083249
1903582467
1749328056
1452309786
1386574092
1230564987
1264907385
1236075894
1384095672
1395426708
1327065894
1439608257
1635940827
1520763984
1980574263
1679548032
1469782305
1685327904
1205839746
1583972460
1402956837
1482760359
1802743659
1389064275
1038756942
1674038952
1653927084
1064973852
1024795368
1039826574
1673540928
1076849352
1824639057
1839760452
1938025476
1794528603
1298476503
1592804763
1507234968
1790258643
1072634598
1684259307
1583940276
1652308479
1928675340
1705849326
1450739862
1986024573
1504732689
1245830697
1698350472
1607349285
1827049653
1054879632
1784695302
1236579408
1294563807
1745098623
1639425708
1627938045
1870534962
1260853479
1297853064
1792068354
1426593807
1436589702
1387659042
1754830629
1340965872
1978563204
1649078325
1564209873
1075823964
1308247659
1654807329
1924783650
1495327680
1052867394
1472653908
1620748359
1378206495
1630472895
1697850432
1039458267
1862473950
1395486720
1302649578
1306942758
1609527384
1782356904
1374820965
1962785340
1273560498
1907853264
1654738902
1328675490
1057963824
1205398746
1254038976
1986245703
1372406958
1379680452
1029843657
1520687349
1627495083
1962083745
1506278934
1703584296
1435029678
1593028476
1809452637
1952607384
1524390768
1483692075
1580629734
1604295837
1739286054
1327968054
1378906245
1849375026
1307695482
1496305728
1945876302
1752946380
1968235470
1968507432
1759843206
1459736082
1065478392
1958276340
1948560237
1235864709
1368452079
1745830629
1693054827
1705623849
1483069725
1783526904
1635208947
1063847592
1320485679
1467953802
1547380269
1758240936
1798406523
1067592843
1625370894
1342509867
1023578496
1036298475
1432095687
1860724359
1596438720
1406879235
1205837946
1346752890
1268370954
1430627598
1630942578
1893425067
1872359064
1590674238
1865930274
1235970486
1765980342
1705268439
1603958472
1670489352
1962873405
1543627908
1847350926
1964837052
1623509487
1274930865
1370528469
1594286730
1307492865
1046329875
1837249560
1905426387
1720596834
1678594230
1983624570
1734026985
1978402563
1968352704
1086549327
1209475863
1427583609
1980762453
1274589360
1760453829
1543072689
1976285430
1069735482
1065972834
1392480756
1302569874
1963752084
1046297853
1508623479
1490758326
1097342658
1643092875
1908364275
1025876934
1704932658
1973560284
1320596478
1864239570
1240568397
1428035976
1829745063
1290356478
1857460932
1029756834
1529648037
1476309825
1270843569
1936570248
1940357862
1890247563
1409372685
1302764895
1936072845
1950263874
1475803962
1042537698
1245083769
1364208579
1298405763
1267043598
1945083762
1480639527
1257349806
1540728396
1579064823
1354208796
1590863472
1309874526
1379085246
1407638529
1064852397
1649082735
1028369754
1204683795
1495326708
1634780925
1473265809
1963054287
1843295706
1920853476
1894370625
1540763928
1298047536
1439867025
1763948025
1670842953
1827536094
1526739084
1987560432
1930867542
1465832970
1476298305
1638074925
1985327604
1352947860
1028754963
1765932048
1746039852
1694870325
1086327459
1893047625
1967258034
1092675843
1240958367
1402986357
1946837025
1576428093
1748690253
1975836420
1349780256
1845027369
1504278936
1609274853
1528963704
1789425603
1476328509
1765380429
1905643287
1436805792
1809627354
1672943850
1256873490
1907352486
1493027658
1476903582
1329807564
1387965024
1279450683
1530798426
1837049562
1743958260
1849260375
1837042569
1093628754
1584609237
1954076832
1837049526
1439876502
1532867490
1483926705
1470658923
1402739865
1940673852
1294360857
1576480239
1037985426
1506728349
1758263049
1320648795
1628347950
1572893460
1834902756
1358469720
1695784230
1580796243
1379405826
1642503987
1250934786
1365247089
1725863409
1437689502
1679845320
1978043652
1486209357
1267304895
1098742356
1603298745
1680792453
1589437602
1836402795
1530679824
1872046953
1482076593
1504928367
1074836952
1906248573
1849035267
1245387960
1075932684
1408562973
1354907682
1892603457
1682395740
1047526893
1256403798
1904528673
1675093248
1874592306
1426087395
1250897436
1403958672
1847920536
1570823469
1842570693
1925436087
1078246593
1327685049
1430296758
1287456903
1462350789
1528067349
1590342786
1368709245
1573482069
1920538764
1328495067
1038497526
1563987240
1480769235
1637980245
1764098325
1403672859
1629507384
1584329067
1294065837
1793824506
1734852069
1870453629
1398476250
1647023598
1359726480
1029837564
1862495370
1539246870
1427638095
1829576403
1675823409
1754608923
1965073248
1475360982
1043692875
1960823475
1029865347
1364789520
1850439672
1608257943
1932457086
1076925834
1634027958
1957486302
1294586307
1382465970
1350267489
1203896754
1403682579
1462397058
1630479582
1823547069
1527340698
1902483765
1687259043
1069425783
1392875460
1853270694
1057239684
1634589207
1864730952
1648093572
1256397084
1860945372
1352460879
1024867359
1027364895
1498506273
1489023576
1860239745
1837204965
1780594236
1429053786
1479356082
1306952478
1907658432
1548297603
1689703425
1290847563
1945706328
1290586437
1269840753
1432570896
1259870346
1806497532
1346897025
1587649230
1450926783
1962538407
1390456872
1452638970
1567903248
1374286905
1382956740
1728360459
1073265984
1584067932
1528347096
1290385647
1530842679
1402956378
1357980246
1879503426
1096275834
1504863972
1360947285
1875904236
1924306785
1364978520
1396874502
1723546908
1052476389
1089723456
1948675032
1539468207
1903245687
1092653874
1870625934
1790548326
1605294873
1632074598
1460358972
1938526470
1562480937
1359786024
1079583642
1208745639
1096578243
1056243978
1869243507
1357908642
1209837564
1462987350
1075246893
1523968407
1935480672
1406795832
1475639028
1458097326
1438976025
1563078249
1360579248
1043265987
1304782965
1769205483
1609327584
1502394786
1035629847
1654972380
1870256394
1837659420
1428970653
1237695480
1790264835
1792530648
1783956204
1275948630
1760924583
1724083659
1968425073
1835609427
1087453296
1789453062
1273845609
1926047358
1075296438
1284937650
1257093864
1605794328
1537926480
1843265790
1745238609
1534276980
1938056427
1967804253
1895460327
1946087532
1036928475
1674895032
1256397048
1506843972
1403627985
1524809763
1520769438
1532498760
1350687294
1897524603
1859407623
1065934287
1579420386
1873629045
1754890362
1905428637
1789426053
1490728365
1430675289
1075624839
1967503248
1492670835
1942065387
1824639057
1290386745
1340798526
1645283907
1057839426
1745092386
1089324756
1568392704
1725408693
1734860529
1758023649
1524608937
1608924375
1207985634
1904528673
1593647280
1483609752
1463759082
1590467328
1537829046
1693758024
1490582763
1256074893
1843970256
1594736028
1025687349
1042569387
1569480723
1429857360
1084379526
1843520976
1478269350
1082539476
1706594382
1523978046
1358692407
1628435709
1457920368
1743659028
1870934652
1084752693
1276980543
1579042683
1468709352
1386529704
1706258394
1504968372
1492067538
1932756480
1830742596
1904385267
1903678425
1746583290
1974526380
1643985702
1654302798
1546039278
1624385907
1385076294
1694238570
1893250476
1645302978
1248057963
1560489237
1573068294
1806792543
1203457896
1364759820
1053298674
1074265389
1759602843
1475380629
1567024389
1307594268
1927546308
1254709863
1692437085
1028459763
1243809567
1952704863
1976458032
1957043286
1506428739
1630872954
1097245836
1468923750
1397480256
1725098346
1458607293
1054762983
1238950467
1968245703
1435276980
1605742938
1680795423
1304952678
1643758209
1295647083
1267843905
1657342809
1498362750
1074396258
1036285947
1407235968
1205673489
1486529073
1679358240
1368240597
1842509736
1586347920
1085762493
1087426539
1862504379
1046758932
1432705896
1639258470
1260835947
1467350892
1079432865
1520736948
1942658037
1075283469
1368027495
1284370695
1764892530
1503789624
1972065843
1439287650
1867032549
1462970835
1786034925
1234758609
1329607548
1742508369
1735026498
1649708253
1468905273
1735240968
1287509364
1742835609
1854093267
1860792354
1804235679
1392054786
1305972648
1804569327
1409682357
1460253879
1364285097
1957230468
1768034925
1593870426
1572039486
1209635784
1463072589
1845970326
1473269805
1403579826
1943607258
1869375024
1264897350
1762840539
1820579346
1356980724
1360948725
1457983620
1082973645
1728490536
1264935870
1098725436
1853649072
1650243789
1456203789
1346907825
1598427630
1046739285
1865024379
1025864379
1683904527
1602957348
1709385462
1372865094
1638405972
1438762095
1453098672
1758293604
1408972536
1456972083
1253749806
1357802496
1329840657
1382045769
1574682039
1804267359
1437065298
1297586304
1987203645
1687502439
1680954372
1958234067
1247805369
1758394602
1596083427
1069845372
1027963485
1748265903
1468357902
1403965728
1964073582
1092345768
1874532690
1679432058
1938045762
1739562840
1632590487
1527943086
1743609528
1069782543
1792504836
1369528704
1493728506
1936427508
1483592076
1027538946
1048537692
1328504796
1056983724
1965308427
1670524938
1604875923
1958362407
1796043258
1695023874
1729605438
1283094657
1836709524
1569847032
1068452793
1793580624
1859432670
1320649578
1265093874
1637045829
1234087659
1650384729
1940236785
1082495673
1905276384
1837564029
1308745692
1725983604
1359842706
1469502738
1423680957
1954072386
1472059638
1598043726
1469032785
1293056784
1456720983
1034879625
1073468952
1946527830
1576408392
1924378650
1468057239
1987054623
1609423758
1426950378
1370428659
1398560724
1386097452
1059867243
1045736892
1493276508
1258064739
1592680734
1478605923
1279850643
1340658972
1023678459
1642395807
1469087235
1650324789
1247938056
1327458609
1097538462
1952346087
1974032865
1498026753
1803695427
1068327945
1789240563
1806479325
1974625083
1746590328
1469358702
1069873524
1952043687
1357984206
1487532960
1036298574
1498675302
1730495286
1830256749
1538472609
1098352746
1820695473
1584760932
1527406398
1783054269
1274980536
1934280576
1580327649
1678054329
1478529036
1290684753
1753289406
1368527094
1935072468
1204738569
1046397852
1085376942
1328645079
1546093287
1609835274
1243795860
1058346297
1869347052
1043589276
1395042867
1396825470
1795243860
1752046893
1504728369
1547039826
1759206483
1570894263
1254679803
1863740259
1075486329
1602857943
1529706483
1842935760
1568437920
1574398260
1869735024
1620754389
1670258943
1976420358
1609748352
1953280674
1528674903
1025647893
1046782593
1793826405
1894367052
1654920873
1603572498
1302457698
1832079645
1528469730
1873296504
1802593674
1864532907
1357984206
1943268507
1239576048
1027396458
1205784936
1380495762
1293068745
1253704968
1032957468
1203496857
1076324895
1738946025
1504972863
1862045397
1839240765
1695384027
1298357046
1742830695
1425693807
1524079368
1780296345
1480679352
1092786354
1637980542
1458327906
1685734902
1874095623
1298540367
1952847036
1205379648
1806435279
1943205786
1863497025
1453298670
1579260483
1604982753
1403756892
1576498032
1735086492
1039472856
1842596370
1720593684
1365248709
1285704936
1268490357
1258634790
1957826034
1023674859
1329408657
1230798546
1095764832
1736298540
1206359874
1827053964
1062754938
1503486792
1439607258
1047529368
1604397528
1579802463
1037652984
1349805672
1793845602
1294785063
1386749025
1594023768
1978324056
1054293768
1940635728
1604537829
1752904368
1067549283
1260384957
1027896534
1603297458
1982364750
1275086349
1785342690
1295047386
1530642897
1208497365
1043962875
1834095726
1350784962
1346827590
1923847560
1982035476
1726503849
1349586270
1347628059
1279850643
1645720983
1473268905
1385460792
1985376420
1203578649
1403256978
1520896743
1428635079
1579286304
1874563290
1623579804
1504823697
1453978620
1632849750
1395780246
1739864250
1854073926
1795062843
1983652074
1564039827
1057629384
1247903865
1307825964
1629485730
1324960857
1739026485
1870362945
1582760439
1687594230
1526980347
1798354602
1267903584
1483956072
1870263549
1630479258
1742306598
1236845709
1958023674
1925073486
1793546802
1079832654
1546380792
1073529486
1893576240
1974528036
1384967052
1297056483
1485329076
1058243697
1067395824
1025896374
1437658092
1098543276
1953804627
1745028963
1426835790
1896752430
1203798546
1654209837
1346209875
1768390452
1073459268
1296430758
1268039754
1324605789
1042635987
1940528736
1923078564
1526079483
1403592768
1278053496
1350892467
1365097248
1368729504
1567932480
1089457623
1864935702
1054372698
1567294803
1604952873
1587243096
1478269530
1072865943
1943652807
1780342569
1432069587
1963842075
1203584697
1285376094
1894637025
1647925083
1632809475
1256970348
1083546792
1063725849
1938405276
1364728095
1394075862
1263487095
1637549802
1352768490
1605973284
1948723065
1036572948
1643582079
1560794283
1702693584
1673954028
1847526903
1342657089
1209354768
1269074835
1739546028
1837062945
1072496358
1058249637
1473269805
1843295706
1763290485
1596483702
1237480596
1092435768
1345827906
1825409763
1834069275
1387596402
1794320568
1704698253
1893075462
1058362479
1065837924
1093647825
1086597234
1548239706
1286394570
1642359780
1369047852
1435096782
1820539746
1240597368
1348250967
1397680425
1670829453
1520976438
1065298743
1470826593
1485379062
1360572894
1832056947
1056439728
1058327946
1604859723
1036845297
1407953286
1296837540
1352607984
1472506938
1096524378
1347859260
1052467983
1867309425
1465902873
1927584036
1024758639
1409875632
1672358490
1683794250
1845023976
1352784906
1932648057
1463780529
1865037294
1653279408
1409768235
1593420687
1245803796
1539784206
1075328496
1346275089
1964723085
1734502698
1902587364
1463087295
1970258364
1509843276
1053496827
1458369270
1685497320
1286934705
1324869705
1704529386
1064387259
1607834952
1598724036
1926380754
1953742806
1296305874
1687240359
1920564378
1689570324
1792830546
1549768230
1246598370
1208475693
1908642753
1768495203
1564372908
1852439670
1320459867
1729506348
1524978360
1890342567
1796034528
1945702386
1059723846
1534970628
1369052784
1523074986
1549028367
1452376908
1826745309
1204759836
1642593870
1408632597
1346059278
1420685793
1765082493
1782093645
1793845026
1827543960
1786529304
1970342856
1328409567
1830674529
1642089573
1802793465
1560329847
1740652839
1562740398
1508632974
1870369245
1348297065
1367809245
1097523468
1758264903
1627958430
1638942507
1498257360
1239467508
1497825360
1520843769
1943078265
1324675809
1034789652
1063752984
1643298750
1456783029
1079824635
1629850734
1904562378
1850296473
1258347609
1976283405
1349256078
1045679283
1689547320
1847902563
1750284936
1537609842
1762385049
1649287530
1893674025
1548026379
1084792635
1506983472
1625790438
1706854293
1426839705
1380627549
1608457392
1840279536
1895734602
1580692374
1962587304
1243687095
1953024687
1524607893
1465320978
1738269540
1650837492
1389602457
1675289430
1609754832
1742856093
1038259764
1927608354
1572096384
1754036982
1608329457
1629043785
1063259784
1590732648
1532467908
1375809264
1752480396
1594623087
1592684307
1493057628
1936024875
1873429506
1852964073
1204653789
1823046957
1235987406
1947023658
1086953247
1593204687
1857409623
1360594872
1503289674
1639278450
1670835924
1927048635
1073825946
1387926045
1947205863
1679250843
1408732695
1250784936
1360789542
1549062738
1895327046
1632075894
1832594076
1857629304
1654380972
1260945738
1792345608
1805473629
1925073486
1254903678
1934205786
1847326590
1480695327
1758064392
1065394827
1425078936
1057894326
1238764059
1645893027
1248306795
1025384976
1304972856
1302596478
1326409578
1324675890
1524378609
1629085734
1397582460
1632547809
1304596782
1289576043
1458079263
1485062937
1927035864
1726304598
1756380294
1578230649
1809572634
1093427568
1724930685
1962705834
1659273480
1390257846
1569304278
1296473058
1735698204
1206587934
1380574296
1967058432
1839072645
1475369028
1825946073
1548267903
1074295836
1052893746
1783469520
1350764829
1302765489
1253869740
1503728694
1450968327
1432987560
1387065942
1462305897
1852970436
1485370269
1239645087
1987523406
1954026387
1738652490
1298370546
1652049837
1359206874
1248036597
1296430587
1947032685
1386507924
1693750482
1645832097
1720643895
1937426580
1826049735
1924870356
1285304679
1824973605
1804253967
1259867340
1806934275
1045832796
1597043628
1269537084
1348209576
1983425670
1036598472
1042897536
1286407395
1270648395
1897420563
1457692830
1907526834
1768032945
1893467205
1452987360
1963527084
1056327849
1827936450
1850394276
1025476398
1309264587
1842356790
1426307859
1973086245
1302465897
1706852493
1579860432
1307982456
1643259780
1473059862
1509427836
1074362895
1268394057
1398207546
1068245973
1983570624
1950483726
1496287035
1904653287
1260357498
1572438609
1074325698
1264039578
1486029573
1849760235
1543708692
1378024695
1067453892
1720639548
1258049376
1726958304
1290537846
1609534728
1054893267
1732986450
1450372968
1978630245
1496820753
1680745932
1372049865
1709354628
1649837052
1420857639
1642573098
1635409827
1286930574
1042763958
1037586942
1809726453
1439568027
1349568072
1907285346
1534872906
1085726493
1462579830
1629408573
1537248069
1289043765
1859436702
1287064395
1378429056
1532489076
1467098352
1083295476
1754362809
1264853079
1786420953
1240367598
1568730492
1876543920
1486352079
1948305762
1706294853
1946732508
1903682745
1946325708
1368759402
1560489723
1402768359
1684732095
1325047896
1976083245
1958632407
1267485930
1725389406
1908276345
1825063479
1438650927
1085364927
1290384765
1982537046
1938760524
1524097386
1367092854
1790528463
1842509763
1206548937
1907682354
1893520674
1834962750
1073642895
1370685942
1085349726
1734582960
1438075269
1032457968
1286470359
1623570894
1249083756
1548673029
1537460892
1035294768
1327068495
1382479506
1830642759
1490723865
1034596287
1470865329
1703865249
1098253647
1950367248
1098234675
1857960423
1760349825
1780649523
1976384025
1796850324
1473958602
1249507386
1759243068
1689053274
1809723654
1307895462
1573809246
1308762549
1784629305
1765204983
1824693570
1364208795
1376094258
1457630298
1036478259
1327695480
1923640587
1235047968
1036248597
1685207943
1054792863
1893275064
1829753604
1237958604
1865392407
1725049863
1248350967
1682794350
1587302694
1672804935
1273085496
1796350428
1647820935
1549803267
1234079856
1574069328
1572369084
1625794830
1462398507
1953467208
1482795360
1348675092
1478365029
1924580736
1765320894
1579406823
1806472359
1948637502
1594603827
1352079648
1579204836
1458976203
1507328694
1385296407
1385497026
1726583049
1509374286
1290678453
1204895673
1479208356
1480735296
1732460598
1835274960
1843657290
1980276453
1307825694
1804257396
1296587340
1654930782
1024765893
1279385604
1397482650
1457620389
1536074982
1624975308
1805293764
1975864302
1603874592
1046385279
1580963274
1352784069
1576203984
1089524673
1059648237
1857342069
1986740532
1254378906
1469702538
1845067932
1987342650
1295738064
1324857690
1036729485
1945276380
1827935640
1837524906
1798642305
1726895430
1940865372
1584023769
1324950867
1420736598
1639058247
1583906742
1437902865
1205893764
1765392804
1678934025
1798352064
1268379405
1206983457
1583209746
1934256708
1032496578
1462790835
1956243807
1058432976
1930768524
1823650974
1542783960
1789065234
1396245807
1876495302
1482037569
1473086592
1789065243
1673892045
1048537269
1205893467
1924805637
1968734205
1907862543
1542693078
1328947506
1437098256
1273498560
1906428357
1674098253
1485763290
1630854279
1479025863
1837490265
1769048532
1438907652
1854697032
1295740683
1495382076
1063857294
1093524786
1274569803
1078352694
1459320786
1059423786
1548037926
1652948307
1794528036
1783456209
1874965302
1685293047
1697842530
1568240937
1498652730
1968705423
1897205436
1480325697
1825974036
1230476589
1076392584
1350482679
1309865472
1607824593
1059478326
1809243567
1365079284
1405839627
1738054926
1046527389
1894560237
1456397802
1984530672
1863745092
1679425308
1452798360
1238547069
1905263784
1246357098
1480732956
1679234850
1756498302
1793405862
1732896450
1245973860
1798403526
1462097835
1058392476
1862597430
1785306492
1397528064
1370865924
1896352704
1597084362
1823960574
1072345896
1782605349
1024596783
1420586397
1659270483
1564029387
1095734628
1805947236
1789324560
1295746083
1257489360
1096347825
1574689203
1549620738
1036924785
1806932745
1706498235
1239745086
1546907283
1702493568
1605482739
1957026438
1893057642
1504826397
1594027638
1245376908
1387426095
1653847290
1067524983
1964325708
1785342096
1468273590
1904362857
1085476329
1389624057
1350742689
1875960423
1209438567
1568923407
1298457036
1906378425
1730964852
1529486370
1850732469
1062594783
1842359670
1395702846
1987356042
1746839520
1485097623
1703569428
1783924605
1874963520
1638097524
1845376092
1389270645
1623970485
1082346579
1026475983
1508743926
1320597648
1762948503
1726580493
1376095248
1207896543
1358746092
1790358246
1207583694
1845392067
1850724639
1970365428
1965072843
1048752396
1620957834
1263490578
1936570428
1987026543
1439582076
1432658907
1542876930
1063542978
1950782346
1274358069
1498620375
1673920548
1329068457
1697054823
1209536847
1382974506
1086497253
1793508624
1508962347
1603482759
1754236809
1956702384
1357426980
1025439867
1427365089
1952836704
1684370952
1503428697
1397524068
1496782350
1365978240
1684923507
1750684932
1683042759
1839265740
1075936824
1365470298
1768352409
1358409762
1523078469
1248569307
1524396708
1475860392
1968472503
1508723946
1867490235
1495782306
1702438956
1325479608
1498253670
1075349682
1230845967
1893476502
1476053982
1682359740
1230796584
1758920364
1936584207
1569327480
1285973046
1837245096
1958326407
1032978456
1627583940
1297843065
1743058692
1284590367
1734089265
1385749026
1476853092
1307594862
1802647395
1304867295
1645389027
1697340258
1976302485
1852436097
1628973504
1860452397
1728403965
1423769805
1836752940
1927635084
1679254308
1704295863
1483027659
1506283794
1450279836
1968542307
1346597208
1549763280
1043827596
1764093582
1487035269
1478309652
1069324857
1802653974
1572368409
1098463257
1872390546
1680734295
1430269587
1402536987
1820937654
1985063472
1253469078
1250934687
1392864705
1852960347
1236540978
1753640928
1965720834
1276480395
1589437062
1963875204
1934706825
1604725983
1836947502
1972368054
1708456923
1325904687
1409638725
1893426750
1375624980
1038692475
1826354097
1258740963
1287436950
1540632897
1458796023
1542963807
1930675284
1709486523
1893672540
1048972536
1324095786
1869243750
1854372906
1524738960
1835769402
1870439526
1203689574
1803964257
1935470862
1072695834
1895642703
1378964250
1269487350
1908635724
1584609723
1928503746
1649032857
1479635028
1472905386
1573048269
1625304978
1472689350
1350684972
1843526970
1589423670
1234086795
1204963857
1374586209
1794580362
1209376548
1867094253
1674095328
1805942736
1623598704
1403827695
1976043582
1206537489
1268950734
1972635084
1059873246
1604978235
1537842069
1567238094
1802635479
1605398742
1365298407
1472930586
1795620483
1789462530
1673408952
1740928536
1539780642
1732456908
1245378609
1804629735
1640528793
1623049857
1082763945
1756980324
1834670925
1074239856
1862073459
1623054798
1964057832
1496302875
1457389062
1923805746
1680549327
1498732650
1234579086
1068347529
1930742568
1469873025
1208975436
1279346058
1406259783
1623098457
1597648203
1063542987
1296843057
1964038527
1249387065
1859642370
1372584960
1076892345
1473602598
1620879534
1296354078
1597243680
1694587230
1806295347
1840527369
1826354079
1942308567
1965278034
1497538620
1652874309
1207483659
1263750894
1537894602
1297506834
1940856723
1042587936
1936085742
1937650284
1387620945
1874965302
1592847360
1054687923
1897650423
1483059672
1569278340
1209453867
1209846375
1937865240
1452806973
1289304765
1048795263
1409573286
1894025763
1532084697
1483675290
1842903756
1285634907
1927846350
1069273854
1068537294
1042879635
1654907382
1473065298
1768540293
1480935762
1042873596
1047283965
1796043582
1746032598
1685390472
1380276945
1054729836
1952746083
1480352967
1308549726
1036284597
1896247035
1653904782
1752940638
1270386945
1368905427
1376459802
1903827645
1547269308
1924537608
1096428573
1243896570
1570386942
1758432609
1263495870
1983762054
1526398470
1475289036
1285093467
1425736098
1604392785
1603497258
1293504867
1026739458
1854723609
1569402837
1380975462
1037964285
1450938267
1427360958
1973485602
1205463987
1902378546
1695072438
1863450729
1678524903
1276958043
1840976532
1892057463
1803974265
1938742056
1023984567
1237854096
1240675839
1820653497
1936745820
1380245976
1968435027
1804972635
1849723056
1628304579
1705398462
1469530278
1542739068
1873659204
1850496723
1346972850
1876539204
1903478526
1095486723
1879423506
1490276853
1283974065
1084396527
1659087243
1293570864
1063984257
1859403672
1462387509
1382740956
1268357490
1480392567
1748092563
1830264975
1576239804
1482573690
1054836927
1673985420
1564809372
1470398652
1596087243
1485360792
1590238467
1480926753
1038657294
1963820745
1728905364
1839064752
1697253480
1426309857
1742850396
1804735269
1372548690
1827694053
1729568430
1025384796
1297643805
1895726043
1946803752
1463078295
1984052736
1762539048
1730956284
1670392845
1435902678
1532479680
1829534706
1087693245
1238904675
1063582974
1803527496
1609853724
1975430862
1267039584
1046278935
1490276385
1953487602
1437980652
1063875492
1842563709
1879542306
1384907526
1630452789
1528374069
1760543298
1836750429
1795206438
1639248507
1304892765
1406873925
1936028547
1582369407
1960752384
1073652948
1237405896
1572689430
1843562907
1407259863
1243589670
1072493658
1046983725
1349752806
1632890754
1386790524
1742596830
1372548069
1728406395
1045239876
1230967485
1965408732
1946738250
1346805972
1620458739
1807345926
1684320957
1034527689
1872045936
1679854023
1670243598
1268435709
1498367025
1826540793
1475809362
1537284960
1538479602
1523476980
1708256349
1394286705
1670298534
1806459327
1285347960
1246578903
1785032946
1857946032
1764028539
1923584607
1948023576
1723059648
1758690243
1426870539
1739820654
1278345906
1478239065
1362984075
1956428730
1035298647
1632958407
1264359780
1067832954
1768053249
1736254809
1306827549
1570246398
1736482095
1928065743
1674825039
1029635784
1653724098
1934826057
1648250379
1035824967
1580374296
1296783450
1324859607
1240587639
1309562874
1703826495
1604298573
1974038652
1875234690
1752068493
1728936450
1486975302
1248653907
1743062589
1589624730
1572938406
1396847520
1569403728
1958432607
1346879052
1856930742
1245379860
1893075624
1286093574
1934780625
1964027358
1630485927
1374920856
1785093426
1327406895
1476092583
1809624375
1375640829
1930246857
1593724068
1246903785
1523470698
1249763508
1458269370
1057429863
1495037682
1529460837
1032864795
1295468307
1049625378
1043682975
1427386905
1057369284
1045239876
1857409236
1897506342
1629407583
1590438276
1630925874
1875420936
1578492630
1798043562
1624703958
1285397064
1786432509
1520937468
1306754829
1928460537
1625047983
1809264573
1738024956
1856247093
1056487239
1930762458
1234965807
1320596784
1058497263
1675082934
1793854062
1608974532
1073498562
1804753962
1296708534
1345607892
1450379628
1753246809
1806497325
1470582693
1065849732
1958643027
1072365489
1732945608
1420786359
1827904563
1352697804
1753406289
1824650379
1257046839
1432598706
1478506293
1546928703
1896472530
1763894520
1472605839
1856093472
1935874062
1329540678
1756928304
1087534296
1690283574
1076925834
1740286935
1275364980
1925740386
1596740823
1374509682
1467385920
1856294730
1045368792
1685302794
1426509783
1845920763
1295478063
1768295043
1508647329
1952437806
1452703869
1827904365
1528430679
1793256048
1628409573
1765380429
1754932860
1098725364
1263804759
1574908362
1462387509
1940527638
1634902857
1483095762
1896704235
1567092483
1036425987
1029854763
1795346802
1064837925
1572938604
1782653940
1347069852
1235047896
1935620748
1954328706
1206358947
1569703842
1983275406
1593678240
1563498207
1934527608
1582764903
1890542637
1230457689
1389067542
1893402567
1473598260
1957024836
1043589627
1685043729
1954708236
1072348596
1053789246
1498635270
1075842396
1082964735
1803725694
1946735028
1380245769
1267904538
1326870459
1046738592
1467280953
1820457396
1467059328
1689524307
1079254386
1634907258
1569072483
1076824935
1930546827
1397685402
1509832674
1283947056
1924567038
1643527908
1687042935
1386470952
1395786420
1579286430
1682347509
1475809632
1836975024
1298064573
1539748260
1764802935
1748503926
1687954230
1975360482
1864397520
1035629847
1908362745
1058732946
1685342790
1452907638
1374926085
1526408973
1320876954
1320745698
1468752093
1345079682
1534970286
1269478305
1093547628
1382054967
1628730945
1076859243
1693087542
1674293058
1542708369
1934085627
1635287490
1708253946
1573089426
1502893674
1238907465
1803762954
1752896304
1247658930
1097463528
1724809536
1948736502
1263580497
1024537869
1529708634
1654203798
1528390647
1762834950
1682950743
1438092765
1975843620
1962704385
1537286094
1465720983
1824059376
1829546073
1475983206
1839542067
1865439702
1630597284
1980362475
1294876305
1574863092
1402387569
1378652904
1267358940
1682594073
1340259876
1962043875
1634957802
1570284396
1903457268
1235467089
1253709648
1925403867
1593284760
1637492058
1827650349
1068273945
1824539607
1697025843
1864953072
1406957328
1306497528
1937062584
1908573462
1560783492
1560237489
1269543078
1756943802
1753480926
1658379240
1768250934
1453862709
1504639872
1428970356
1945728036
1984276053
1389724650
1508394762
1874690235
1897604253
1790538624
1804652973
1374298065
1890374526
1547083692
1703428659
1978064325
1340795268
1762385094
1954682073
1436780952
1478069253
1403298756
1934506278
1435976208
1352074986
1643785902
1204853967
1527986304
1649382570
1397840526
1237645908
1570629438
1895236407
1749803265
1793264085
1786250493
1906472538
1640938725
1875632940
1386759240
1526804739
1756243908
1674982053
1720538469
1567293408
1894056732
1385267409
1946802753
1894607523
1398764205
1352068794
1407356928
1530896724
1362045978
1874593062
1735468209
1742638059
1452687930
1270395864
1728639405
1638524097
1823059674
1604328975
1269580374
1493275068
1967825043
1836052947
1054928637
1067549823
1294630785
1624093785
1968572430
1457068239
1037869245
1972603584
1087493256
1730289654
1764329850
1540978236
1084562739
1534872096
1036594827
1483260579
1624597830
1428765390
1643879052
1845902376
1498652037
1302754986
1802643579
1945730628
1203584769
1856729340
1703468592
1908456723
1758234690
1027469835
1306875492
1256738409
1907468532
1503487692
1948507362
1058236479
1730562894
1649073825
1903256874
1326740589
1560438972
1586723490
1490862357
1905234867
1238957064
1759246830
1702869345
1645723980
1902836457
1495378062
1927584306
1937482506
1035974826
1608735924
1897062534
1490562387
1657830924
1835906742
1306945287
1069524738
1573904286
1695237840
1360974528
1324796850
1583249607
1756938042
1627035894
1397028456
1589620473
1768230594
1267490538
1340528796
1048235967
1058427963
1893425760
1975203846
1879405263
1459620873
1784569203
1352906847
1064758932
1846530297
1026578439
1362095784
1706982453
1694078253
1526043978
1726835049
1653829074
1905783426
1457386092
1940726583
1259647380
1845923670
1657923804
1462583079
1358024769
1684520379
1576309428
1837659024
1587034629
1863704295
1426735908
1508769432
1734928506
1938207546
1536478902
1472089563
1684905732
1504689327
1496073528
1406579382
1387056294
1489235706
1305279864
1580964273
1482763905
1079258634
1205398467
1530249786
1825437690
1023769854
1280934675
1485673092
1536984702
1382605749
1502869347
1097486532
1870265349
1428397560
1876495032
1239068547
1538697420
1840936257
1605248379
1930467528
1906357842
1047652839
1286475903
1834059672
1497652830
1934026875
1452976308
1769584302
1082549763
1830764295
1752496830
1547903286
1394278506
1834052679
1403927658
1594068372
1037629584
1496785023
1258937064
1385746290
1930256487
1694573082
1276598304
1426837950
1924305687
1204867953
1836975204
1358069247
1869405327
1238075964
1275836409
1798634052
1260738459
1025743698
1386542907
1698427053
1328470965
1426890753
1039642875
1624830957
1706485392
1056237948
1539486720
1509426783
1354927608
1248763059
1973546280
1748625903
1723980456
1489072356
1895264307
1472638059
1405798263
1239078456
1739582046
1827693045
1806259734
1745890632
1584203697
1287693045
1376840529
1984672530
1954702863
1062793584
1934075628
1234596078
1520349867
1856392704
1274093685
1290864573
1569837024
1096284357
1862054739
1679538420
1074695283
1206495378
1407589326
1978025634
1968502347
1649523780
1952403678
1032784965
1059673248
1725964083
1083652974
1042736589
1738026594
1427690835
1297583406
1089576432
1239640857
1763859240
1765243098
1859267304
1765094832
1960835247
1943572680
1420758396
1493580726
1038479652
1354207869
1549278063
1956074382
1834260759
1436097285
1076829345
1573086492
1357089426
1293764805
1065729384
1326598704
1609873254
1054793682
1094357628
1280975634
1405389267
1735840296
1306245798
1307648592
1304285967
1509437862
1780492356
1376809425
1704952836
1345687290
1560287394
1346287905
1708564932
1380754692
1092385674
1539482706
1405236789
1036987524
1590437682
1982456730
1506947328
1083742569
1547269083
1478902365
1293508764
1789243506
1879356402
1709586243
1598063274
1658407239
1523807496
1758609234
1948365207
1623409587
1863427590
1638509742
1842750396
1749268053
1309785264
1952760384
1428637950
1086594237
1035972864
1042567389
1498053627
1230756849
1498236057
1073458269
1276540839
1690527348
1659784203
1245693078
1078523649
1739246085
1920347658
1529483670
1405968372
1432678950
1837940562
1293678540
1829746503
1768293054
1376480295
1042675389
1294683057
1279083645
1294706385
1763948052
1539076842
1590472638
1274385690
1369502487
1234607895
1958602473
1503927846
1805936274
1975642083
1372965408
1482635790
1768490253
1429307658
1520396874
1297846530
1648907235
1564729083
1560437289
1052976348
1085679342
1748963520
1038574296
1947580236
1394528607
1026874359
1395470682
1540796382
1246957308
1580342976
1639402857
1406239758
1962730548
1572690843
1547936208
1623975804
1263875904
1063859427
1952476830
1076529483
1897236450
1928360457
1957032846
1290783645
1206489357
1498632507
1342976085
1962453807
1985276034
1063987524
1685327049
1764392580
1957823406
1804263795
1695842037
1720543896
1560834297
1632850479
1823450679
1529063847
1598634702
1680497235
1496072583
1903675842
1928567304
1394826570
1429037658
1035824976
1820943756
1256470983
1584029376
1970652348
1207358496
1857632094
1789546032
1594603872
1078235649
1207984635
1078239654
1954086723
1768403952
1078356924
1932406758
1846579320
1623897045
1890673254
1543279086
1809724356
1753028694
1856704932
1326459078
1856327094
1203748659
1956340872
1875409632
1532984760
1207654398
1903562748
1207386549
1783695042
1937256408
1079458632
1389026475
1437250869
1289563704
1429057836
1834267590
1963042587
1025978463
1690537482
1029587643
1297805634
1843269570
1524307869
1980357264
1620943578
1260953748
1768203594
1403786925
1863279405
1073258694
1289574360
1679805243
1859327406
1489037526
1905342786
1027635489
1953084627
1620874359
1375920486
1692408735
1387602495
1502873469
1439857260
1420576389
1029847536
1503682947
1064895372
1936487502
1769835240
1054792836
1397268540
1459280763
1067942583
1906842753
1609382754
1569438270
1678549320
1297034856
1890652743
1062935487
1823590764
1058294736
1965720384
1820793456
1072894563
1928657430
1582074963
1360597482
1805349267
1926470583
1573846092
1540392687
1468305972
1238794506
1502836974
1308265947
1025483967
1734059268
1374296085
1678934052
1463085927
1530496827
1897263504
1650234798
1470532986
1590347286
1935062478
1478025369
1607528493
1297358460
1093547826
1046297835
1064972385
1708249635
1806437529
1567092384
1769038524
1245370698
1836072459
1736820594
1207584936
1709356824
1463892570
1428593067
1809235746
1937058624
1378960542
1960547283
1528309746
1847296053
1349826507
1457982603
1064952837
1578029463
1706293584
1385024796
1763840952
1920683745
1074569382
1905236487
1529046837
1539620478
1286059743
1389567402
1452839670
1938276540
1672058439
1354872096
1789245063
1730852649
1048326579
1784690523
1230769854
1680745239
1204637598
1589027346
1526938470
1095463782
1573496802
1584379062
1027596384
1684207953
1072965834
1069478532
1285604397
1473289650
1082594367
1953782640
1436502978
1807392456
1948367025
1438570269
1436829750
1648370925
1682490573
1237965840
1473986250
1560239874
1473628059
1809432657
1425936708
1067542893
1394628057
1052748963
1726458039
1078259463
1894260573
1670352489
1789045236
1723904865
1239704586
1036574289
1642908357
1807263954
1765208934
1837456029
1590734682
1249608375
1276905384
1072654839
1047963258
1724389605
1982730465
1790653284
1063927854
1904738256
1962758043
1982564037
1973856024
1569043728
1760352849
1857604329
1958607423
1562879403
1865729430
1360548729
1293784065
1426507893
1063592874
1794063852
1326845790
1932485076
1548793602
1537804629
1752039648
1605278394
1803974625
1925038467
1970245386
1670243958
1042859736
1082543769
1709486253
1546390782
1379504628
1067592348
1804637259
1597468203
1894075362
1742503986
1628350749
1728904356
1587903246
1920764385
1524698730
1235698407
1365798204
1326804795
1865047293
1983607542
1297804365
1749032568
1275036984
1689523704
1946370825
1863705942
1375802946
1263978045
1698024753
1870426395
1048579326
1985437026
1406598237
1025748693
1280739465
1395042687
1490258376
1783596240
1084572963
1327954608
1756309284
1753829604
1254089376
1934680752
1263785409
1658043792
1346598027
1850426379
1520348769
1635972480
1852643907
1574093286
1834602795
1470896325
1293657084
1093847652
1275043896
1845276309
1453780296
1057369842
1295763048
1965748023
1278543609
1479682305
1974652830
1958604273
1029587364
1537902648
1730695248
1427650938
1967034258
1907428536
1803452679
1893246075
1580372469
1408923657
1396852704
1950724368
1560342978
1543608729
1429387650
1769580423
1273465890
1369084527
1287605493
1673485902
1628930754
1679034852
1946385270
1843576029
1379840625
1695023478
1642759083
1627409583
1047628953
1625987430
1396207548
1640597238
1876490352
1538697420
1256347098
1074593268
1728694035
1478306592
1749082356
1542907386
1734268095
1394752860
1642785930
1940236857
1725893064
1380264795
1206957384
1765802439
1356082497
1062738549
1340865972
1265039478
1593680274
1856249370
1574098632
1960472358
1798653024
1078934256
1459673208
1342085679
1056234789
1052843679
1583647029
1624985370
1082795346
1243896570
1453092876
1350948672
1395604827
1824396507
1980427653
1829405637
1523067894
1947632058
1624508397
1794625038
1896507324
1069328754
1890734562
1098375462
1954623807
1862347950
1756034829
1938265074
1679324805
1043856792
1523796084
1865703249
1635724908
1029834765
1495382076
1864923507
1524837096
1894750362
1670958423
1923605847
1879402365
1984560723
1465920738
1645870932
1975340628
1532690874
1693875402
1307852469
1279863045
1350472986
1459837062
1296387045
1376528940
1403287596
1053824697
1753826094
1495678302
1607289543
1798654203
1378640592
1437286905
1620983745
1702986534
1230864795
1256730489
1935427860
1402753968
1052796384
1792648305
1509478623
1583497026
1409682753
1830759246
1465308972
1037648295
1430658729
1840652793
1789342056
1635249708
1235480976
1746035289
1248739056
1603297485
1053847629
1048972365
1348057962
1349028567
1259437680
1762384905
1026794358
1283740569
1702568439
1950428763
1789306245
1839567204
1748302965
1543209867
1964830527
1742056389
1594872603
1405768392
1046389725
1637894205
1907825634
1984750263
1470582936
1273056984
1937068425
1029867354
1072964538
1639450782
1239564780
1624785093
1520937864
1685432097
1854269037
1539480762
1460587329
1398045672
1879563042
1206938457
1528936704
1492638750
1034827965
1895042367
1798605342
1854702693
1572096483
1584730692
1423657809
1230784965
1068329475
1279583406
1485937620
1845069237
1827463509
1965734028
1840375269
1039274586
1952067843
1892607354
1549630827
1563892074
1506472398
1357926084
1843725960
1907435826
1782659034
1270549683
1985302764
1463079285
1627354809
1875620934
1748296053
1694802357
1506748239
1397268504
1403528697
1735862940
1329754608
1497286350
1509468723
1359247680
1546932870
1586037429
1706453298
1930745826
1836295407
1703852469
1684597230
1897406352
1560283749
1340986257
1038295476
1368279045
1760983542
1570689243
1203768459
1095872463
1093765824
1894203756
1930456872
1379456028
1604792853
1807923546
1827639450
1849532607
1504387269
1236540987
1569348720
1456289370
1938452760
1890473652
1479528630
1602943758
1905274863
1564892073
1523987406
1268075493
1726350894
1685934720
1693508247
1648097325
1604783295
1850462937
1325847609
1694502378
1756903824
1097546832
1087625493
1536029847
1935064287
1463270589
1748203569
1380795462
1645037928
1238076594
1023569487
1376024598
1826053794
1652093874
1529087643
1243905687
1083762459
1529368407
1309425768
1279085643
1759628043
1065987432
1025783694
1923675408
1729530846
1849675230
1657908324
1289603475
1852036947
1064283957
1970436528
1526347980
1243906875
1372085496
1846390725
1976450382
1469830257
1809423765
1342650798
1647852093
1847265039
1462793850
1205369748
1953684027
1547390826
1703256948
1267903845
1542370689
1648573209
1607548239
1679035248
1502473869
1396507248
1938254760
1293564780
1692537408
1827534069
1487935260
1498563207
1078645293
1073528964
1794035628
1468530279
1396407528
1789603542
1963785240
1756384029
1593482706
1403257986
1829537046
1793264058
1648702359
1753906824
1905384276
1326945807
1503497628
1439582760
1065423897
1706248953
1852430769
1620895347
1037689452
1769502438
1236874059
1907284653
1270654893
1645283097
1275094836
1974530628
1836479052
1684952730
1346085279
1027859634
1976284350
1596807234
1792386450
1824697053
1570468293
1693054872
1835276904
1452906387
1096247583
1908357624
1853729046
1824930576
1508392746
1492856073
1590827346
1856734029
1345269780
1082564937
1420978635
1628043975
1046729835
1783490625
1482370596
1579803264
1642907583
1926705384
1857946032
1049263587
1092873465
1083457296
1579208436
1837904526
1852476930
1264309875
1627348590
1683754290
1523046798
1580932647
1723465980
1970258643
1342756980
1362950478
1842739506
1264587093
1759340862
1534690872
1789043652
1798046325
1804963257
1427085639
1625083947
1986302475
1985762403
1387024956
1459368027
1892067354
1247960358
1096853742
1068249753
1960453287
1259740863
1439258076
1028637594
1928354607
1654072893
1460357829
1704569382
1957842603
1682943075
1930658427
1637854290
1620745983
1574693280
1476093528
1270698345
1478650923
1329854067
1938657024
1245089763
1079254683
1639702845
1952364708
1498627530
1498720635
1746923850
1267490385
1780642395
1026743958
1032846957
1942870653
1824637059
1958602347
1276890354
1695023847
1396540728
1908327564
1958602374
1327605849
1470329568
1076358249
1743950826
1305948672
1038459627
1952043876
1450392876
1069834752
1687934025
1738962045
1369702548
1970835462
1526098347
1847506932
1056783942
1264739085
1263970485
1796530842
1097638542
1593604287
1760238549
1405687932
1057384629
1806925437
1953680742
1375082946
1986072534
1304826759
1938206574
1538976042
1360495278
1258964073
1328456907
1095423687
1372584096
1582047396
1984537602
1326450978
1067835429
1023497856
1490783625
1693480725
1930762458
1209645387
1470532968
1974268503
1376804529
1280479536
1678403925
1904758326
1648509273
1275084639
1670859423
1029647835
1346905728
1058692743
1642385097
1703928645
1806574293
1852793640
1523480976
1769804325
1938267504
1745896023
1672035849
1396854027
1625407983
1095236874
1735928406
1603849725
1084279356
1479583206
1678942053
1879053642
1724569380
1685342907
1429037685
1906385724
1254693078
1678925043
1367948052
1405936782
1962357408
1862905347
1627089435
1452807369
1230967485
1432069758
1904567382
1825076439
1604257839
1237095486
1830547926
1045976328
1290478365
1570924836
1297306485
1674209583
1795830624
1625987430
1472368590
1932658704
1890325647
1709245368
1037498526
1238546709
1680492753
1569072348
1785423096
1623890547
1364087529
1253087694
1975820346
1682075934
1396284057
1025439876
1402589637
1325780649
1457963028
1239750846
1298360754
1435768290
1640827395
1043289576
1908627534
1943587620
1270849653
1472530986
1408926753
1874629350
1932806745
1670945283
1824796530
1627409835
1730486925
1780495263
1042865793
1743829560
1598240673
1943856270
1978540632
1503647928
1589402763
1764938052
1786042539
1230785469
1570632498
1296384705
1286034975
1692538740
1265893740
1037246598
1309867245
1629037845
1892360457
1593842607
1082654793
1472085369
1827450639
1296038475
1705628934
1423560987
1038725649
1584963207
1269085437
1649735280
1524039687
1975483026
1905836742
1458329706
1306259748
1072986345
1694708352
1738692405
1407968325
1860354927
1869537240
1095236874
1638457902
1768024359
1840379256
1256984037
1548270396
1803642597
1074962358
1274853069
1057428369
1650927834
1530468729
1835926047
1853029467
1076389524
1240597683
1823746905
1529368704
1273896405
1237054869
1508726349
1635829074
1296054837
1523978046
1247893650
1673240985
1263795840
1250689743
1048562379
1390746582
1950473826
1796235804
1874623059
1592864370
1876509342
1852637490
1896370425
1367940258
1756403298
1759068234
1870369425
1384927650
1753802649
1560837294
1206748935
1864573029
1852709364
1263078594
1856904273
1697520483
1857264093
1243058769
1569430278
1046327895
1489650237
1076925834
1076539428
1695240783
1603275849
1725863094
1027439568
1380576924
1450237896
1738590624
1902746583
1503792486
1095837624
1820736945
1503678294
1584079362
1568920734
1670249835
1529378046
1970843526
1978064325
1567392804
1287064539
1368290547
1437902658
1437509286
1245609378
1534802679
1392874056
1059376842
1569723048
1230465798
1548693207
1259834706
1524089763
1739405682
1075846392
1073495286
1425083967
1208795364
1528607943
1582364970
1257986403
1783204569
1486753209
1349620578
1827345690
1859473620
1527804369
1068932574
1396750824
1364590728
1605724983
1508936742
1038642759
1879023465
1486075329
1504298637
1475369802
1970462358
1395428067
1529347086
1620874953
1458076293
1924503687
1276539408
1286095374
1964785203
1295870364
1098563472
1394578026
1572694380
1547239086
1530286479
1489207653
1986740325
1034295867
1568307492
1367459280
1248309567
1082735496
1453678092
1960584372
1847529630
1867309254
1986304572
1063297854
1230654897
1947025683
1346972580
1746203859
1786052394
1968752430
1958620473
1276953480
1308679452
1246879305
1724590863
1234076895
1924038756
1527804936
1670548392
1386492570
1298430576
1290853476
1650849237
1269754830
1864537920
1042798356
1369528704
1480367295
1706452893
1479253608
1487062395
1369582407
1247680539
1298470635
1378062954
1089675432
1208973546
1427683509
1690842357
1860947352
1698053742
1578429063
1048632795
1603857492
1827054639
1963548270
1482596037
1859362074
1348705926
1326489750
1340856792
1670453892
1436829057
1320649785
1683097452
1728036549
1963057248
1960372584
1978304256
1624930758
1973502486
1294068537
1682095437
1307249586
1736908524
1489076352
1029578346
1567024398
1528607943
1596723048
1932478065
1605739428
1904765328
1795324068
1625790483
1265980374
1378469520
1258406397
1096437528
1834652709
1743258069
1930257684
1324790685
1280354769
1452398670
1287053694
1267348509
1423968507
1843205679
1475692380
1290835476
1496307825
1407623958
1375642908
1493285670
1928046573
1823569047
1086974532
1257463098
1823749056
1489637052
1085326479
1748352609
1920735468
1792038456
1394560287
1306895427
1850463729
1247583096
1927834056
1634827590
1532847069
1625783409
1285473609
1934267850
1047832569
1430786952
1567890234
1574283096
1428570369
1793284056
1839576420
1490762853
1208754963
1905648732
1230946587
1540376829
1546739280
1732890564
1329056487
1704356982
1837594260
1270695483
1940568327
1803957642
1306845279
1947382605
1650927843
1564907823
1286593740
1702394586
1465038729
1756492830
1204637985
1032794658
1280345679
1973086245
1072869534
1635749820
1743205869
1890736452
1639782045
1768023945
1253874069
1796852034
1784603592
1650932784
1836047952
1938657420
1682459370
1067843529
1853072649
1239765084
1253907846
1209453867
1879304526
1507692438
1725083469
1780362549
1895237406
1538742906
1739206458
1952074863
1846097325
1906534827
1620945873
1670549283
1623085479
1826045937
1295834760
1076895234
1782059364
1042839756
1024659873
1284360795
1279346085
1627905438
1879452603
1820975643
1672493850
1097536284
1586049237
1924675380
1864953027
1957302846
1657420398
1540927386
1705948236
1342705986
1902436758
1473908265
1528079436
1694738520
1495367280
1084926735
1368409572
1052967843
1735984620
1360725984
1329508674
1369075482
1427653089
1486973250
1279350486
1958076423
1398605742
1365847902
1068954327
1495806372
1672859403
1026375849
1859247063
1740239865
1780946235
1970235684
1042758963
1528039746
1978506423
1469730825
1852049637
1536084927
1370256489
1758369204
1607852934
1203964758
1703945826
1026789534
1759236840
1024653798
1329705864
1790468235
1859673240
1986074325
1980637524
1345702986
1430896725
1207649358
1547326089
1957630284
1865079342
1758043692
1504396278
1079435268
1389204756
1308726954
1026437895
1479032658
1426038759
1847052639
1259864703
1746035892
1678430952
1286394507
1408672953
1645908327
1849675302
1952760834
1940685372
1078365249
1238459067
1876345029
1850967324
1542078693
1327456809
1065897324
1874365902
1384705692
1523674809
1948625703
1036824579
1239604857
1324095687
1298753460
1296075384
1548032796
1840569327
1904823756
1590842367
1976348205
1802697435
1568402973
1532498076
1903256784
1752893604
1357496802
1954072638
1072634958
1392608457
1950423867
1846075932
1972564803
1970483625
1692785430
1902473856
1320649857
1638752490
1596407283
1972538604
1593678420
1596248730
1947380526
1628430597
1823045796
1795084236
1062978534
1723945068
1374650928
1983672450
1293465087
1524386079
1396704528
1972380564
1387062495
1579063842
1460873529
1438765092
1863450972
1287036945
1574832096
1506379824
1258349760
1280536794
1426978035
1625837940
1670358294
1902548637
1592740683
1679284305
1273460859
1092548367
1284763509
1586492307
1523089674
1867592340
1257348690
1647503829
1543892067
1462987530
1498062753
1825439076
1967840235
1523694870
1263904758
1536802947
1824603579
1654970832
1698405273
1076394582
1745926038
1326089574
1458937206
1620548739
1392708546
1389576240
1950378624
1305247698
1082367495
1489075623
1908374625
1062489537
1354678902
1680329754
1042978653
1520836974
1403275689
1683472059
1324768059
1643957082
1730586924
1697025384
1682570349
1356280497
1352980746
1329854067
1203584769
1426078395
1620598743
1094537826
1843095726
1458073629
1945803267
1986023547
1927860543
1698035247
1795286304
1753289406
1569720384
1785239406
1704659382
1592438760
1968275430
1054687239
1480657392
1062875934
1650893274
1082679543
1035946827
1835974620
1564839720
1708264539
1896502347
1924637850
1624805379
1386704925
1269503748
1945280367
1320975684
1832096754
1507629384
1498620537
1307564892
1582076439
1460832975
1648503972
1954678023
1367250489
1695803247
1354062987
1620387495
1387260459
1672349508
1054973628
1502478963
1849702563
1046392785
1736908245
1965874032
1679023845
1260978543
1597208346
1648379250
1405836729
1824569307
1593724086
1427536908
1439608752
1357908264
1273409658
1579260483
1832750649
1375469208
1932750846
1645870329
1925436870
1203895476
1685437290
1032786594
1342870569
1820493567
1073249658
1064578923
1620573894
1520769843
1752398064
1650247389
1240678359
1820547693
1582603497
1632547908
1325047869
1385427096
1035287496
1639804725
1530679824
1086749352
1893506247
1952486037
1780362495
1240798635
1832459760
1736804592
1825703964
1297634850
1509648372
1240789536
1284930567
1347582609
1476520938
1459237680
1697345082
1674235908
1692408735
1643908725
1632904587
1237065894
1524697038
1850674932
1745386029
1974506823
1842639057
1809654723
1354789602
1267098534
1892530467
1538976024
1520386794
1295760348
1082576439
1274380956
1350748962
1628357049
1986750234
1326475980
1056248973
1493250867
1063928574
1896457032
1087652943
1769408523
1478053269
1896437250
1374526908
1574038962
1340258976
1723850469
1670298543
1643987025
1870493625
1607298354
1806945273
1204967385
1573984062
1849073526
1067248359
1280639745
1983064572
1697340528
1503948267
1485390276
1783605429
1704398265
1935726840
1462907538
1297350486
1639520487
1940863257
1054968327
1037689425
1238459706
1350648927
1564903782
1574806392
1982403675
1037964528
1520934867
1834507692
1085749632
1729354806
1025673489
1034295687
1953407862
1870649523
1208473695
1624078359
1495837026
1295367084
1803546297
1023475698
1375420869
1526034798
1459803627
1690587234
1205963478
1429306875
1902543678
1390478562
1458963702
1670942853
1236980754
1687925034
1923750486
1630547298
1392078654
1875243069
1283469750
1425807693
1846359702
1035962487
1403985726
1389457026
1786923045
1324975860
1283906457
1950372648
1869205437
1548263079
1789426503
1327694805
1902876543
1890435762
1960253748
1692430578
1257904368
1560987243
1426753809
1746025938
1569748320
1048673925
1527384906
1704389526
1574096382
1542693087
1856907243
1602489573
1724583609
1396472580
1783529046
1895726034
1485036927
1290784653
1650237489
1486092375
1790432658
1265749830
1207354896
1958437602
1702963485
1074896235
1689740253
1478960352
1893425076
1695873402
1730462985
1326780549
1653480927
1695302847
1604527389
1396472508
1905648327
1793582604
1492038765
1752698304
1986574023
1598402736
1829543706
1947026358
1340957286
1586203749
1734280695
1539042768
1265308947
1459768023
1649230857
1476932085
1890346572
1345980726
1902873456
1805764923
1372486095
1658034297
1869453720
1274680359
1804975263
1098726435
1980647325
1562438709
1398205764
1823564079
1564073298
1820743659
1406859732
1437865209
1736590248
1678235940
1982057643
1283740569
1206843975
1823046795
1759063842
1470359268
1208436759
1589742603
1052948376
1476238950
1087395246
1209768354
1297548306
1870653429
1280954673
1089237456
1328964507
1859640273
1093527846
1648572930
1875263490
1745893026
1562487930
1853240679
1803295764
1243905687
1608295374
1736089452
1289507346
1950764823
1834679052
1463587920
1678032459
1630897542
1945830627
1928640537
1947852630
1940867235
1654908273
1735290648
1634958720
1349506287
1305872496
1920537486
1947836520
1028657439
1475628903
1754602983
1092673548
1942507863
1739562048
1759036482
1523674809
1270683945
1780956423
1742630589
1837652094
1056387924
1268547093
1956023748
1469785302
1276340589
1486325970
1734028596
1840365972
1069742583
1065279348
1253984760
1249560837
1846573092
1074396852
1760952834
1280397654
1640528739
1350746928
1094572863
1295386470
1986523047
1596804237
1709654283
1754928603
1982465307
1540798263
1708695342
1578439026
1860432579
1673450829
1746538920
1249375680
1832496570
1346870925
1379604258
1257908364
1792340865
1034982657
1503782496
1765029834
1309275468
1350768492
1657394820
1890562437
1947602583
1896503247
1592073864
1975036248
1089745623
1639405287
1837960542
1642530798
1036879425
1276304859
1658237904
1084567923
1754936082
1264980537
1235048976
1095437268
1503467892
1968547203
1348276905
1306245987
1742890365
1305942876
1589403672
1789634025
1746205938
1429058673
1972468350
1074238965
1498607253
1583096274
1084325679
1952863407
1873694250
1620357498
1795643280
1974685320
1728304956
1503849762
1247369805
1308426975
1590738462
1906475832
1735280694
1304268975
1026934875
1680254397
1843960725
1687950324
1035869742
1284067395
1257648093
1986037425
1396405728
1278609345
1498523760
1034527869
1907846235
1684372095
1350692748
1602785493
1347056928
1376840952
1324678509
1357809624
1645278039
1572684309
1345680792
1406789235
1460827593
1863794502
1758290346
1938602754
1438679250
1980546273
1029376845
1527963084
1085976342
1639087452
1635208497
1056324897
1982603475
1047962385
1849753206
1940675382
1903247658
1026584973
1075843926
1943257680
1578496320
1958276340
1836290745
1769802534
1627853490
1725948360
1043526879
1945286307
1506982347
1436925078
1523694807
1726534908
1496032857
1784536290
1689702435
1609258734
1768243509
1280936745
1375620894
1608543729
1625408739
1235964870
1947823506
1273046859
1369702854
1306745928
1853429076
1675208439
1867593420
1963475802
1832957604
1682539740
1347962805
1835670942
1973865042
1785643209
1592804637
1267549308
1756980234
1804397526
1958607423
1563792408
1927068354
1890452637
1906325487
1345782069
1534729806
1657483092
1746325098
1430528697
1098254763
1756328049
1075964328
1435926780
1389762540
1527694803
1248037695
1739640285
1963504728
1948367520
1205738469
1958674203
1602738594
1247369580
1035496287
1695283740
1649328507
1965307428
1948523067
1236805497
1627948530
1264079385
1645308279
1586043792
1826950374
1634978052
1347206958
1397254860
1407352689
1046895732
1089345762
1798305624
1607943258
1027459836
1489260357
1860925473
1057269843
1938640275
1230869547
1085243697
1534027986
1073964582
1604328597
1069325874
1249536870
1405762938
1645973280
1470965328
1650794328
1532906478
1905784632
1460725389
1065743892
1063974258
1805639724
1936074285
1349528607
1946025738
1062357498
1567839420
1430657892
1593742086
1684793052
1349258067
1709468325
1725398460
1642389705
1076493285
1684235709
1738920465
1038647952
1358274096
1584370692
1804635927
1265309487
1340298756
1803796254
1739250486
1473259086
1528049736
1739048256
1306749582
1795284036
1029754863
1285490367
1873950642
1849203657
1607935428
1346258709
1024963857
1354602879
1845603729
1538497620
1730548296
1570264983
1708243659
1725394068
1967350284
1392048675
1396425780
1920687453
1846037295
1694237805
1593864702
1346829705
1948570326
1940267583
1962875304
1902465387
1207439865
1043657829
1469783250
1672830459
1864507923
1324756890
1840926753
1852967034
1342698570
1482097536
1905638274
1205946873
1790238564
1972850463
1759602483
1260873495
1089632754
1975246830
1036452789
1274980635
1479382056
1578209634
1370984652
1974603285
1459286037
1097586243
1503276489
1692045387
1435829670
1857296340
1824693075
1263587490
1965837402
1754028396
1483960257
1052486793
1740296835
1894706523
1539640728
1930856742
1028437569
1375048692
1276549380
1093527864
1680975324
1835904726
1795624038
1673049582
1076492835
1357806924
1638540297
1978432065
1054283679
1420967385
1845672390
1356092847
1503689427
1567320984
1079285364
1263408579
1827539460
1732905846
1734569208
1268094537
1986402735
1750826394
1970532486
1867095324
1386902745
1974852360
1397508264
1569032487
1852063794
1289750463
1026857943
1390824765
1357402986
1420987653
1854290376
1059867432
1902587634
1529860473
1569738042
1263780594
1953406287
1039542786
1253890746
1706425893
1468507932
1532697840
1564908732
1207695348
1475326809
1857204936
1032498576
1879430652
1964723508
1234857690
1783425906
1543928670
1508367942
1035489267
1947205368
1874625039
1094756283
1967042538
1235874609
1783265409
1276890534
1748593062
1027395684
1256047893
1795638204
1594237086
1403697825
1462750893
1983527406
1685370249
1345867902
1596084732
1987062345
1083296547
1956340872
1328075469
1247563980
1845230697
1248690573
1247053896
1546708932
1760385249
1753209468
1427893056
1958402376
1625094783
1230846579
1235879046
1854279063
1758306429
1625438907
1248730569
1047523869
1465732098
1823759460
1032847659
1039658724
1450328679
1407293568
1860793425
1472683509
1823967504
1465280973
1062479853
1908273645
1930642857
1896047352
1420357986
1730652894
1869705234
1539672804
1920573864
1536794820
1086973452
1508643279
1920738546
1428695703
1793864205
1436528097
1947650238
1954032768
1742085639
1742309568
1268590374
1023957468
1628307594
1958620374
1953206874
1320698754
1923650487
1649780325
1943827650
1695784023
1497280536
1304578692
1790632485
1437529086
1832906547
1375894206
1380647529
1305798462
1039754862
1923857604
1578240963
1980742635
1457962830
1472369508
1753492680
1657982034
1987632054
1592678043
1547206938
1367058924
1524839760
1874302965
1957230864
1346029785
1547389602
1287495360
1458209736
1467298053
1970623854
1894732650
1634587209
1832654790
1437280695
1258964730
1427598036
1257834690
1679420385
1786209534
1042938756
1057634928
1786459203
1734085926
1094736528
1405692378
1829745603
1702835946
1439865270
1753942086
1234709685
1572896430
1439706582
1453802976
1750942863
1469275830
1209543786
1603529478
1293704568
1205483679
1437025698
1304789562
1527948036
1270946583
1360972854
1579248306
1692073548
1073456892
1362940857
1853672094
1578362094
1634582709
1508762943
1375290468
1246379508
1359264807
1729583406
1578062943
1704593268
1238960547
1742980356
1365840972
1647583209
1702936584
1728946530
1469058732
1438796052
1426859370
1536974082
1203784659
1036947852
1097865423
1083274965
1736529804
1547396802
1287604593
1047965832
1326047589
1409782653
1308527694
1287963045
1890435762
1549267803
1938675204
1054283679
1305642798
1587460239
1978632540
1845027639
1594623708
1739846205
1203976845
1537498206
1593042867
1367248059
1087496532
1604827935
1762048953
1530794862
1794035268
1856720493
1972356048
1293876450
1938502746
1025839647
1376905482
1928407536
1524970638
1587293046
1239605874
1830597426
1724853096
1396728450
1983240576
1832759640
1827904653
1764025983
1432085769
1095842367
1564982037
1542089763
1825736049
1496380752
1438097562
1682470359
1098756423
1453826709
1934680257
1809576342
1950248367
1579862403
1365047289
1987532046
1432076859
1745980236
1753689402
1572396048
1902346857
1863095472
1837620954
1852647903
1305947628
1763908245
1859623704
1534870296
1496870235
1596438027
1645397208
1283745096
1680452973
1326895704
1865243079
1452380796
1286370945
1950782346
1027596483
1693284750
1502698473
1406987532
1507829643
1802497356
1485637092
1526740839
1245803769
1306487529
1304985762
1286530974
1723958604
1764038952
1960342587
1270485396
1734582906
1094765283
1695408273
1630592847
1746908325
1873902456
1360528947
1075246398
1256847930
1783094265
1754392086
1872504396
1763280954
1360894725
1569483702
1408732596
1486057932
1497086532
1087359624
1793240865
1250346987
1537468920
1843607925
1956207483
1754890263
1640379258
1736045289
1408375926
1260954387
1948723506
1983645207
1235679048
1029465378
1306275489
1840923765
1890326475
1492807536
1367450928
1872095643
1397046258
1267380459
1450897623
1503846279
1906745823
1457923086
1684025397
1470928653
1465273980
1249308675
1368275094
1376458092
1037642985
1894602357
1482956703
1590462873
1958264307
1820436597
1093876524
1926840375
1358042976
1328407695
1853476920
1693784025
1782465390
1256308479
1275038964
1728469305
1487392065
1980632754
1593860427
1298543706
1942386507
1394687205
1504823976
1673952840
1802359476
1765308942
1273648095
1490682735
1876540239
1745893026
1968734025
1906485327
1396702485
1795380246
1296780453
1508649732
1874503629
1728954306
1759324860
1970863452
1435286709
1860527349
1397085642
1842693057
1592038476
1679384502
1563409278
1890462537
1029368457
1789653420
1769345802
1587429063
1073682594
1078469325
1235706489
1567980324
1479603825
1425938067
1845062739
1568039742
1520687934
1069354827
1654890723
1957834062
1904357268
1026379854
1362054879
1025743896
1069278453
1809457362
1907652348
1472096583
1482639750
1943702658
1243896057
1850796342
1607342985
1378240596
1073429658
1980346527
1793826504
1268543079
1470852396
1650973824
1203846759
1970625384
1953402867
1476398052
1576928034
1298735064
1038529647
1269374805
1350479862
1904682357
1925037486
1507936842
1642807935
1679354082
1870294653
1280763459
1570283496
1084237695
1450327986
1853709264
1860425739
1095374268
1254367089
1735948602
1589304726
1602847539
1653809427
1487263059
1603528947
1539740682
1285746930
1549738602
1073285649
1685204793
1806245379
1538049762
1342967508
1692753804
1859403627
1548702396
1098763452
1862539407
1286594703
1693208754
1365209748
1340679582
1569023874
1864357902
1830592467
1097548326
1476209583
1743592086
1935748260
1728309456
1087625493
1805647392
1274380965
1256479380
1236590487
1627950483
1057234869
1283460579
1856723940
1395678024
1729485603
1640382975
1065347289
1469087235
1580947263
1357286094
1270536984
1089657243
1823746950
1950873642
1026583749
1598047632
1538420769
1247859360
1254786390
1807923465
1862493075
1473082569
1695873024
1960745382
1738942650
1470932586
1859426037
1390742586
1750248693
1560934278
1760823954
1306984257
1659473280
1628709435
1396842057
1867534290
1065847392
1306824957
1029387465
1549028376
1630874259
1376502984
1234705968
1672094358
1629378405
1509378624
1073962854
1289570346
1257304869
1845306972
1520384967
1839674205
1596283047
1709842365
1460829537
1637942805
1679245308
1427960583
1783904256
1784952036
1674259038
1405269873
1560893742
1096374852
1702463859
1489253067
1503296748
1780963524
1892567043
1567349820
1607583492
1260985437
1704653829
1928457630
1456978203
1723496805
1068245793
1872065394
1479052368
1586042397
1603245978
1529083746
1260589374
1948536207
1756489302
1784356029
1430768259
1290856473
1563749802
1094632758
1480572936
1840596237
1562830497
1204839657
1965203874
1369704258
1349275806
1986734025
1984702536
1450293678
1594870326
1879035264
1294083756
1964280537
1275409638
1584729360
1932580476
1065834729
1087623459
1029568473
1382745096
1362750948
1427350896
1549072863
1708263945
1970382654
1085364279
1875042936
1702634985
1379806254
1678205394
1358476920
1459072683
1640958273
1027984635
1507923846
1546278903
1037254968
1052836947
1275493806
1092874536
1567204398
1806543729
1495726038
1647380295
1905628374
1390465827
1405729386
1279438506
1540968732
1967408253
1756349820
1083562974
1723406958
1240938576
1703426958
1062594837
1837642059
1894307526
1067239548
1987032456
1964802537
1073942586
1980437526
1863492075
1267589043
1079285463
1206748539
1854302769
1687340952
1670284359
1402538796
1639428750
1289564730
1320984765
1376085249
1249760853
1628509374
1859240637
1830652749
1738092456
1937245680
1258649370
1397864520
1275086493
1896274350
1798503624
1630548972
1673240598
1075938462
1532406798
1458096273
1895602437
1760389254
1728953046
1069842537
1935076428
1098374256
1392654870
1937048526
1094268357
1250834967
1908362475
1437596208
1738265904
1953076482
1864293507
1432597860
1076589432
1579806432
1852076439
1387206495
1856309472
1408623795
1729865034
1763890245
1829370654
1927543068
1684379205
1743592086
1837964025
1024835769
1027694538
1943086752
1283096745
1954863720
1896024537
1027389456
1074936852
1703265948
1906542837
1958647203
1208657394
1863405297
1268450973
1750639248
1439725680
1958670423
1948536207
1549802367
1329408576
1568349720
1408679325
1930547862
1742389065
1802739456
1384562097
1850269473
1807356492
1925608473
1604523897
1485923067
1340582796
1527308694
1375908264
1986537420
1468302795
1627835904
1596470823
1648957230
1328957640
1842903765
1043695872
1958743026
1520984763
1864397025
1694270538
1829760435
1487506932
1425906387
1485602739
1984675023
1523760498
1097564238
1860752439
1375846920
1509842736
1053872694
1705438926
1256849307
1845726390
1463759820
1563402798
1730845296
1975834206
1856903247
1482537609
1945270683
1476935802
1769420538
1063547298
1968054327
1846790253
1490672385
1708632594
1925647083
1760385492
1365084729
1425786903
1584739206
1270469853
1862794530
1248690537
1387562940
1793508624
1074926583
1798436520
1508794263
1697453082
1260847935
1624930785
1643852907
1859206437
1526378904
1972436508
1726903485
1803569427
1982347605
1438290576
1462538709
1085936274
1743698520
1203479568
1950728436
1296805374
1036794528
1482753906
1386049725
1032784569
1098763452
1567420893
1645902837
1508736942
1784203659
1349765082
1729064583
1642093857
1305748269
1560827394
1432578690
1493058762
1394052687
1932674580
1430789265
1379862504
1289604537
1952740638
1324560798
1847596203
1062834795
1596847230
1458793620
1954026738
1965387042
1076852349
1469350728
1769854203
1397028645
1304862579
1308749265
1235640897
1268950734
1876542039
1375490682
1402956783
1856034972
1094562738
1564783920
1570296384
1069548237
1542730986
1584392670
1475962083
1635970428
1208379465
1389067452
1502796834
1028954763
1892036475
1306492875
1467035982
1097568342
1279346580
1835490267
1248653970
1648930725
1352487609
1270346895
1358067294
1705693284
1239857064
1387290465
1956387402
1582976034
1384729605
1032856479
1420398576
1925036847
1834629075
1874260359
1647293580
1238745096
1625904837
1372465089
1742095863
1657248039
1380259476
1729680354
1560893427
1893504672
1930846725
1562903847
1549837206
1249760835
1583962470
1562738094
1038946725
1794280356
1425930867
1829475603
1084952367
1495768230
1468970253
1370896452
1278356904
1724089356
1605783249
1548309267
1956074382
1439785260
1904523768
1930862574
1743825690
1794628530
1584027936
1306429587
1368974502
1395408627
1207685439
1089623457
1467325908
1892043576
1396785240
1368257904
1869405273
1470832569
1536092487
1508974326
1356428790
1470698325
1487529063
1927364580
1768349250
1693048527
1098763452
1348205769
1435679280
1648253790
1729854306
1520968374
1908653274
1862940735
1348029756
1753869420
1602978354
1682490753
1507928346
1860732549
1765048329
1830549672
1083295476
1530742698
1789420536
1748569203
1625493807
1956487320
1547309682
1756420839
1267534980
1605298347
1432098657
1659234087
1430872596
1075682934
1452630798
1386450279
1358672940
1279485630
1786459230
1842690375
1085673429
1794208356
1952638704
1263507948
1768305249
1537089642
1640572893
1732965804
1309758246
1325480796
1527093648
1894526370
1537496208
1824035967
1063924875
1503624879
1492386570
1789642053
1496508723
1695028734
1679430825
1489702536
1328659470
1608472395
1769408532
1249750638
1659402378
1349260785
1870362945
1239708465
1297806543
1753948260
1276498053
1854703629
1740589263
