8752061493
8516709423
8620374159
8341205967
8017635924
8597201436
8527410693
8329401657
8403712659
8290541763
8156073924
8607231459
8235061794
8349271056
8076912435
8630214579
8509426137
8614935702
8641039275
8097236415
8106723549
8956720314
8926145703
8735402619
8693521047
8546917302
8462351970
8735019624
8254901637
8652704931
8743215096
8263049571
8751046239
8091476523
8603421597
8269417350
8425967130
8416730295
8312450697
8672193054
8714603925
8970653241
8435627109
8201649375
8139057246
8519472360
8321964507
8549026371
8541629037
8642097153
8706924315
8312459076
8701342659
8450176239
8321409765
8635719402
8502763194
8207965314
8923075461
8701596342
8135690742
8207134965
8506139427
8614072935
8942016357
8123640579
8975412306
8079651432
8064321579
8617035492
8769201435
8213657409
8720415963
8403671295
8701453629
8956104732
8017639452
8624175930
8643172509
8321956074
8971634250
8102537649
8160532479
8612709453
8563147092
8103956472
8236974510
8754369021
8572490613
8730569142
8065473291
8291340657
8410753269
8071293465
8796514023
8367015249
8035421697
8074321596
8054326197
8203671459
8061327945
8341526970
8497150236
8403629157
8957601432
8291035647
8961524703
8603971542
8967234501
8364915072
8017349625
8921570463
8724369501
8016279435
8946057321
8205431796
8624039157
8647105923
8027391654
8542167930
8703594162
8927156340
8712456039
8210395647
8165240739
8530712649
8670514392
8591023647
8103562974
8936407251
8064235917
8352417960
8542691307
8507396421
8451902763
8190736524
8273461905
8254130679
8163902457
8591362407
8413695207
8964275310
8436910275
8593260471
8753124069
8459621730
8159247630
8627143059
8207593461
8204176935
8967230514
8421965730
8391572064
8462971305
8360529417
8916520743
8340967512
8170296543
8563120497
8092435167
8310426597
8641352970
8493607125
8019634725
8054739612
8973140652
8916057234
8496521730
8532149706
8326501947
8531467290
8340279615
8246317590
8261075394
8903462157
8324015976
8659743210
8790536124
8724136905
8960157342
8743592016
8739645021
8439517062
8094652713
8539074126
8932415670
8532710649
8312690754
8124369057
8753069124
8257394601
8295340176
8543902671
8164093725
8921074653
8965703241
8369104725
8935604172
8940263751
8467253901
8037156249
8739461052
8612470395
8946317025
8603952741
8976431052
8425093617
8952713604
8307521496
8235461097
8495706231
8619305427
8725403619
8341076952
8479031256
8523167049
8162954037
8071259643
8501423769
8046237591
8219476053
8321945076
8360471952
8431752960
8702946315
8735420961
8356204719
8127465903
8245906371
8421963705
8470693215
8273945016
8045697213
8471529603
8573094612
8425913607
8907534612
8053471962
8251370496
8105293746
8796432015
8529146073
8160473295
8470132695
8691542370
8607251493
8712639450
8620735194
8640792513
8209564317
8352741906
8703469152
8691372450
8073946125
8236071495
8461037592
8507136249
8036254791
8593174206
8309546271
8219364705
8254709613
8602947135
8597024613
8409627531
8120654739
8329640751
8520364791
8276935410
8547093126
8045169732
8732510496
8619243705
8750214936
8712635049
8354672091
8103675492
8943265170
8294365710
8346915027
8459301267
8964251703
8243570691
8053246719
8027369145
8062471539
8921537460
8520496137
8032716945
8530172649
8375602419
8612490573
8213657094
8253479601
8142560973
8195376402
8416375029
8741529630
8467150239
8195342706
8625419073
8461270593
8491230567
8903546127
8704592361
8542367019
8501237694
8491657023
8639041527
8706391245
8673291405
8015432769
8243196705
8693125074
8354620791
8415607239
8219067543
8745906321
8137659024
8534267091
8457092631
8416235907
8690341257
8691253470
8913072564
8973450621
8912564073
8904153627
8903241675
8305296714
8657309142
8305416297
8901234765
8517603942
8645790312
8469027153
8351940672
8317469502
8354296071
8971632405
8239654071
8432195607
8607512493
8297046135
8612743590
8730692451
8675290143
8457310962
8610327495
8967341502
8796013425
8034259761
8153290764
8162437509
8735206941
8509273146
8109264573
8271590436
8135927604
8976103542
8794165230
8794102365
8971263054
8312769045
8204736591
8926013457
8547621309
8279014356
8715690423
8640532179
8653019274
8602579341
8634927051
8495726103
8523976041
8326705491
8416975230
8309425167
8250436197
8754012963
8673950214
8349257061
8410935276
8372041965
8075316942
8720169453
8612573940
8957643210
8132549670
8640157932
8491302765
8541239607
8043569217
8307925641
8463907512
8079426135
8397051246
8253640197
8572093461
8031459276
8627513904
8196572034
8649531207
8569271304
8470952361
8147569032
8579364120
8394175062
8935604712
8793624501
8913706254
8732645901
8256940137
8910346527
8106493527
8963105274
8930167254
8693102754
8317290645
8703651429
8795032164
8962374510
8036254791
8319640257
8536427190
8296315704
8460591327
8076439125
8945362107
8716503429
8610723954
8463102975
8549302176
8540613792
8459706312
8026493517
8019276345
8062314975
8752143096
8426130579
8476259310
8092561437
8297056314
8493270615
8539741260
8526137940
8156094327
8361047592
8160927354
8162745039
8329650147
8602459371
8436709125
8409627513
8691723054
8173246059
8564379021
8675093124
8645912037
8635190742
8743601592
8791026534
8492506137
8532697401
8931506427
8621734905
8572140369
8961423570
8095761243
8759143206
8502634971
8594736021
8793562401
8126907453
8073156492
8024719536
8295467130
8203451967
8329105764
8714506392
8756342091
8539046721
8401795326
8546390172
8517403926
8120396754
8495071623
8147953602
8934270156
8302651749
8354201769
8176923540
8426019537
8672451309
8413509726
8105239476
8914726305
8136092457
8721953046
8729534106
8967512304
8267541309
8096524137
8257496310
8726493510
8240796513
8270195643
8791265043
8974326501
8476952103
8267345901
8405791263
8123604579
8367015924
8204639157
8129430675
8921507634
8061245973
8592364170
8237160459
8927345061
8106452397
8265394710
8573421690
8690237451
8051729643
8375409612
8972451603
8597620431
8579362041
8769435210
8106942735
8073291456
8752304691
8473192506
8023495671
8340297165
8731420965
8403761952
8342956170
8561497230
8356097142
8651493207
8047126593
8732160495
8260953417
8246019753
8465037291
8570963412
8591432760
8392147056
8914270365
8450319627
8937410265
8546271390
8039675241
8743526901
8735260419
8795013642
8160257394
8530126947
8613075429
8693170245
8907614235
8506793412
8706193254
8905761432
8650432917
8926574310
8547613092
8975163204
8670534192
8936075241
8176053942
8470136592
8230159674
8957316240
8723605419
8745913026
8267915043
8173025469
8367294150
8756394210
8026741539
8950264137
8473129650
8639512740
8069745321
8423791560
8731290564
8567210394
8209145637
8025179346
8614950327
8304956712
8014975362
8206745139
8397641205
8093571264
8426315079
8762540913
8294360175
8079216534
8091376542
8763021549
8143975620
8947203165
8124063759
8905467321
8476203519
8547139206
8792413506
8671403295
8953602174
8421950736
8761520394
8610253749
8475963021
8165934720
8403952671
8356172049
8619270435
8309176254
8536012974
8724091365
8324075196
8240715639
8910756342
8567491320
8341572960
8243150967
8347905216
8320574691
8371946520
8049236157
8312045769
8304795162
8942103765
8596421037
8403765129
8201374569
8162347059
8142637905
8451290736
8179430526
8643270159
8395104672
8154203679
8759123046
8305426971
8239564017
8641590723
8426913750
8564732091
8016397245
8317625049
8016527493
8174296053
8742165903
8643527109
8106534297
8350712964
8264597103
8256347190
8419072356
8129064753
8945062713
8093625174
8941306275
8025397416
8794651023
8075932164
8321507694
8394057126
8706513429
8127659304
8341027569
8724059361
8257360194
8143750629
8394725601
8320956417
8145029376
8473065192
8965241730
8764039125
8143620597
8102459763
8519674023
8346920175
8607195342
8035492716
8421539067
8721345906
8145037926
8316095742
8971630425
8125437096
8170296543
8507392416
8264359071
8175209463
8395270416
8469072531
8560274391
8976304251
8569703214
8714962503
8170629345
8950437261
8963052174
8065491372
8562193407
8415367209
8740592361
8970136542
8160752439
8976012354
8674210359
8942501736
8619743502
8410379265
8247095631
8021694537
8315246907
8762304951
8769043215
8137960425
8617045392
8251067349
8094376125
8065149723
8204753961
8925730416
8251497306
8642517039
8960145723
8512943067
8439256710
8946571302
8624751930
8546709231
8432107695
8736209514
8530729146
8547210693
8429051367
8903125467
8901746253
8439570261
8417306952
8479615320
8960342517
8637250941
8594130267
8490715263
8720419563
8301592764
8172695043
8701346529
8254907163
8674591023
8472156309
8531269047
8254971063
8574163029
8509367421
8302754961
8730651924
8014923657
8156270934
8710496235
8015963247
8790314265
8593471602
8156247930
8643071592
8529674013
8670341952
8735260491
8237541096
8529460317
8536197204
8709256341
8309126547
8091726435
8291536740
8742315690
8215790346
8137465920
8957032641
8916270354
8569024713
8956104723
8062345719
8453791260
8516730924
8473269510
8145073629
8271546039
8629074315
8496201573
8597342160
8207619354
8057491236
8715492036
8574230619
8319564207
8593461027
8375421906
8590172643
8547132096
8094526137
8123754609
8156907234
8296701345
8716409532
8496527130
8067243159
8462915730
8214036975
8236159470
8402679351
8152794036
8537260149
8056971342
8452906713
8541037629
8032476915
8427316590
8290753146
8473095162
8637094512
8351960427
8925704631
8460271953
8091267354
8409653217
8270591346
8423976105
8793405162
8360521974
8642173059
8649521730
8625017349
8450732916
8479603215
8631259470
8534201796
8239150647
8453027916
8745960231
8769042315
8290736514
8609751324
8049721356
8391456027
8267450319
8297461530
8794503261
8924760153
8659140273
8546207391
8691073524
8109425763
8543072619
8074561293
8501367492
8145706239
8046125793
8205973614
8354197620
8970145236
8402395671
8604172359
8367215904
8573419620
8975241360
8059142367
8357129604
8467509231
8706492153
8129307546
8751639204
8195673240
8562301749
8671534902
8590736241
8049126573
8906314572
8567034129
8415672930
8463179025
8463509217
8634790521
8037524961
8630429175
8204136957
8601953274
8527103649
8340217956
8231956470
8537102649
8765192403
8064139725
8160245379
8459367210
8419362507
8275614039
8932601457
8759126304
8795402361
8251706394
8930641275
8417309562
8230659471
8459671230
8156730249
8209134756
8970621345
8652314097
8354720619
8026497153
8271395640
8321056479
8496701325
8279643501
8519204736
8075124693
8156327940
8406521397
8905176243
8624930157
8749136520
8507269134
8179052364
8459263017
8751092436
8052317469
8453710269
8049351267
8573642901
8739504261
8429310576
8603145729
8412309675
8302179645
8516402937
8492537106
8491237056
8051397462
8791032456
8149725360
8041723965
8392674150
8706439152
8057326914
8632501497
8591672430
8473509162
8549623017
8390421576
8925670341
8731540962
8350429716
8416592370
8371659204
8043729156
8506937124
8465971032
8965731024
8542310967
8614572093
8347596210
8294031567
8071453692
8320479516
8673524019
8135240697
8132756409
8537961240
8015246937
8364915072
8653192470
8745631092
8109532746
8643027159
8346157092
8523946170
8231074956
8416092735
8073249615
8421397506
8564021397
8124650397
8609124753
8630524971
8605942317
8095274361
8654712903
8351607942
8402769513
8056214397
8109475326
8260379541
8056427319
8319456270
8673945201
8956231407
8309675241
8762314059
8270935146
8960743152
8536197240
8257093416
8274139650
8492073516
8073516942
8357421069
8194570236
8476953102
8932564710
8590167243
8902671354
8724361905
8276435019
8379506421
8650143927
8193756024
8320961457
8024731596
8516037942
8761329405
8376520419
8937120645
8031296547
8903716524
8450971236
8467193205
8461923570
8671520394
8729534016
8965243170
8105362794
8026314579
8246739510
8759043216
8209573461
8253640197
8654307912
8125349076
8410753926
8142593607
8410756293
8541206379
8351279064
8721640359
8261935047
8596714203
8724931506
8671459302
8926530471
8465137092
8973254610
8394756210
8659704132
8301642795
8239710564
8316724059
8273064951
8692174503
8143972506
8563190472
8423751960
8062915437
8076942531
8690517243
8067421953
8560912734
8051236947
8021743659
8490751236
8036942715
8104679352
8240176935
8371964502
8405129376
8902163745
8426709531
8691023745
8312504976
8726350419
8360249517
8425016793
8093516742
8346920175
8126940753
8719240365
8205649371
8293560714
8309247165
8329750461
8793065241
8742316950
8701462593
8671539420
8105729436
8412563790
8617023945
8257643019
8604973152
8137465290
8096345172
8251649073
8932650741
8034517692
8704536291
8952643107
8563472901
8754319206
8765013294
8532047691
8715493062
8705321649
8739156204
8693275401
8354297061
8152430976
8430752619
8625073149
8574629103
8241053697
8406513297
8973215406
8950132746
8720694351
8203965471
8760395124
8051963247
8392540671
8207195364
8462305791
8203615749
8413726905
8450692317
8364572901
8639245710
8135079264
8317960524
8675042391
8763950412
8321609574
8654301972
8925103674
8420139765
8710652439
8706419352
8042693751
8531904267
8639210745
8735691402
8532701469
8964351702
8264039517
8670429153
8392476015
8354710926
8456902731
8963427510
8312465079
8765324109
8647523109
8731942506
8192435607
8701593264
8704562913
8716439520
8465093712
8943702156
8320167459
8710926435
8931206754
8192356047
8976203154
8341720956
8012437695
8739054621
8245073196
8135270496
8516032794
8602934715
8903417625
8291307645
8769542031
8952104376
8125403697
8934271506
8723514069
8961234507
8326471509
8129340657
8153602974
8523197640
8954612037
8069243517
8721964503
8479503612
8620159743
8643590721
8419205376
8450732169
8657913420
8235104796
8341659702
8723504961
8269075431
8165947230
8639572041
8510692347
8976135240
8597614032
8392476501
8304962571
8695320471
8291503764
8369210754
8395274016
8162437590
8165273094
8734501629
8457019263
8049756213
8432657109
8704613529
8459072631
8126409357
8061957324
8951437026
8792160345
8265417930
8916045237
8973560412
8410692375
8247105693
8036514279
8471632059
8103645729
8174025936
8352197064
8249035167
8395706412
8459067231
8452093176
8794031265
8702419356
8407631259
8470269513
8790651324
8124697350
8291403756
8367940215
8321695047
8047312659
8256139470
8762903145
8253174609
8215097364
8492013765
8017263945
8409731265
8054317269
8769410253
8740659132
8214769503
8694150327
8547310629
8053694217
8621507349
8670429153
8751432609
8271350964
8704925136
8032745691
8152709643
8617930425
8120794356
8546021793
8023965714
8451062973
8713962054
8690724531
8164095273
8940236751
8351409726
8607132459
8369245701
8345629071
8163207459
8430716529
8972164053
8039417526
8197530264
8402576391
8732964150
8543691270
8256019347
8149235760
8521097463
8309152674
8092146537
8627351409
8671394502
8674301592
8650492137
8064923751
8615794230
8324709156
8529614730
8204319576
8362071549
8576912403
8396072451
8539120476
8302519476
8410963275
8403715692
8640917532
8357914062
8630471295
8120436957
8475923016
8153927064
8416357029
8304759126
8473691025
8592417603
8247560391
8692103745
8519072463
8027341659
8645120739
8029456713
8504973621
8462097513
8045396271
8261937504
8350712496
8945126073
8630925147
8940761325
8713452960
8563190472
8706192453
8261034579
8729316045
8692503471
8163572049
8750264139
8230154976
8327615049
8124597603
8251369047
8139657204
8217405936
8261493570
8594627130
8237504691
8419263075
8136452709
8491035726
8612573094
8125640739
8739561042
8574102639
8231704659
8145679203
8725361409
8126094357
8514769203
8523416907
8203146975
8759361024
8095716243
8430976152
8392051746
8563194027
8251409376
8590746312
8734619025
8372105496
8149632705
8732105649
8126790354
8046975123
8527064139
8612709543
8375029614
8436719025
8763124509
8074621935
8794261035
8513094627
8745921063
8093427156
8763490521
8579106234
8610937524
8765912340
8162459370
8259170634
8356214970
8490567123
8236591074
8264095317
8036219475
8140765392
8017359426
8207369541
8293467105
8976153420
8125369704
8351074296
8162374509
8749156203
8593420167
8230746195
8104596723
8257634901
8742359061
8679345210
8923104576
8367091452
8632497510
8613079254
8071435629
8534160279
8643209517
8731562940
8420561793
8419027536
8571603942
8594130726
8975312460
8769023154
8367251049
8256170349
8246570931
8970326541
8930752614
8123647095
8169354207
8042719536
8096257134
8594637210
8501624397
8241073596
8915607324
8395214067
8026143795
8094563172
8403197562
8675031492
8205397146
8927356401
8657412093
8192703645
8074165392
8047152963
8719504623
8925174630
8350691724
8943126507
8640315927
8456209371
8140295367
8305264179
8257319460
8369527410
8350972416
8694315720
8973240156
8612953074
8625397140
8107265394
8391075642
8304915267
8943071256
8417290536
8467302591
8524369071
8450127396
8371459206
8456932071
8645097123
8460732915
8105672493
8237419605
8479520163
8957620143
8406327915
8271594306
8421056379
8035264179
8963157042
8123670549
8726049513
8062175394
8527913064
8325960147
8091475236
8547013296
8041753962
8204935176
8152496730
8257439016
8531906724
8016349257
8926341750
8971426350
8235961407
8427315609
8152746039
8394270561
8014927536
8021963475
8217409635
8147650293
8625047931
8423951076
8769240513
8745190623
8397640125
8021594736
8534196207
8964103752
8409352167
8629437150
8206543179
8739160254
8052613947
8714036295
8546932017
8435917260
8206954173
8572039461
8295063471
8726905143
8976540213
8937016524
8149526073
8903756214
8420971635
8052374196
8069237154
8472193650
8354619027
8209451376
8513294067
8625304917
8659243071
8957261430
8207439561
8705132964
8156907342
8950327641
8405326791
8576034192
8390547162
8076415329
8574932610
8074213596
8506392147
8137952046
8409537216
8547623901
8950261437
8427631950
8416972350
8974652301
8540273961
8479362105
8627541039
8410596273
8503267914
8723614059
8960321745
8970215436
8749123506
8215670349
8975236401
8360124795
8716325940
8204163579
8792610354
8659012743
8325719604
8213490567
8702619534
8695431702
8259413760
8357914062
8709164235
8927165034
8014927536
8046317925
8591760234
8413076259
8629031547
8607351492
8371962504
8570913426
8603917245
8451306792
8507943162
8546910372
8536012479
8691754023
8159204763
8937452016
8932614705
8143970256
8391564702
8159347206
8306592471
8536097241
8960743512
8459723160
8213605974
8412950367
8502197364
8695374012
8596307241
8507913624
8310792456
8604213795
8937460215
8073516294
8260591743
8925670314
8724965103
8045736921
8975642103
8793426015
8034569271
8459063271
8714025396
8692143507
8527604931
8369217054
8036415729
8017546239
8937150264
8510726394
8302174569
8036721459
8672930415
8315904672
8201439756
8379201654
8301697254
8791245306
8749153062
8450129736
8279546130
8976401325
8469103275
8023615947
8249730165
8160543729
8957213046
8071539264
8350219467
8456320179
8239056471
8521639074
8142573906
8347069512
8139250476
8432756910
8143960257
8032765491
8452619073
8312594706
8519207643
8710293465
8329015467
8591264037
8749325106
8017634952
8023746159
8103647529
8674102935
8510742936
8235796041
8450963721
8971423056
8029534671
8493705162
8153472069
8349570612
8765291304
8069724135
8936471205
8541026973
8046521937
8462573190
8450192367
8956403127
8612539074
8163549702
8320679451
8120764953
8309241765
8471506293
8521609347
8569327140
8621093547
8912605743
8641590372
8624079315
8260534179
8917643250
8275613049
8236490157
8750396142
8602194537
8726453091
8249065731
8702156493
8592701634
8254130697
8654192703
8723695104
8760432195
8263710945
8540762319
8350619742
8063295714
8563102749
8415396702
8314276095
8605342197
8210534769
8054197362
8734516092
8106925743
8012956734
8340271695
8317905462
8593206741
8605237941
8692470135
8023197564
8065921473
8693701254
8136029574
8259347106
8219365074
8576013942
8941023657
8304196572
8571360942
8213796405
8037962541
8752614309
8702516493
8726954301
8751629403
8652741093
8416295703
8013965274
8317962540
8236419075
8976512043
8423719065
8491726305
8149027635
8746509132
8135946072
8905173462
8536120794
8537264109
8193754620
8402935671
8492506173
8901672453
8075429316
8349172065
8462907153
8726359104
8094321567
8043715269
8913567024
8013796524
8675419203
8790253146
8973164205
8156027493
8734250619
8125370496
8310759246
8047132965
8724901563
8945736102
8765140932
8730956142
8796401325
8941325067
8256410937
8104735269
8724951360
8013765942
8173560492
8296351047
8625943107
8169724035
8312540976
8102967354
8765190432
8970231564
8942631507
8602137594
8321704596
8634097215
8715369420
8670942153
8405726931
8463902715
8305912764
8976041352
8473506219
8196423057
8761293504
8752031946
8049756312
8754216309
8246593701
8759126340
8497625031
8934502176
8351074962
8413296750
8925176034
8270416593
8169430257
8095437612
8376941502
8936271504
8970635214
8946102357
8713402956
8137502964
8416792035
8239457601
8603427915
8034219567
8972045631
8314926057
8513720964
8095217634
8297436150
8012746395
8637925014
8517649320
8365940172
8351702946
8160439527
8547203169
8935671420
8192473650
8140362957
8542907613
8460571932
8936712405
8215637094
8297036154
8521790364
8512347960
8401295367
8314265097
8945260317
8975120463
8567431092
8621975340
8750316942
8109523746
8769213504
8397201654
8035941267
8170324659
8264957310
8017659342
8372691540
8396401257
8416205397
8205437619
8697302451
8145973620
8304512796
8054763219
8052367419
8953147260
8046195732
8523194067
8360527194
8247391056
8740219635
8250176934
8673905421
8061453279
8971642053
8754290316
8310475269
8173096254
8293614570
8143059627
8135697024
8509361427
8269475310
8267409135
8320965417
8093765214
8234167590
8340912576
8906475231
8792053461
8379541062
8412396507
8496512073
8734210659
8721693504
8042915376
8237954016
8012649753
8390624517
8023795416
8419673205
8709326145
8479025136
8709241356
8132765094
8741905326
8749526103
8249561370
8619327504
8716940352
8975602314
8251064397
8430951627
8403751962
8269370145
8965342017
8024375961
8526419703
8573126049
8157423690
8273165049
8415092673
8624590173
8267901453
8340156972
8721036495
8796214350
8925136740
8524691307
8436091257
8154097326
8914236075
8653927140
8093567412
8905613247
8902135674
8462370951
8341562970
8157643902
8194062537
8049672315
8340162759
8540137962
8034721596
8059423761
8159342067
8293607154
8094321765
8079345162
8765239041
8631274590
8706521943
8623910574
8436902571
8967325014
8761503429
8240369517
8304159627
8195243760
8504317296
8640752139
8194352607
8625047931
8369427105
8269370514
8127903465
8719230564
8639047125
8271956430
8715026493
8592034671
8452376190
8657304129
8049536712
8056349127
8463015279
8567943201
8074623195
8295364071
8935701264
8791045632
8947263105
8429673510
8049276153
8602547193
8129650743
8153094276
8932765401
8274650193
8170564329
8720395614
8091574263
8793405216
8397402156
8975231406
8456231097
8642790315
8172463905
8379465120
8594632107
8416523709
8613054297
8951374620
8325790164
8046275193
8594637210
8435297016
8720594136
8053297146
8562740391
8274059163
8965710423
8731064592
8320546971
8267931504
8641257093
8340572961
8051462379
8523490671
8039452716
8240571396
8542617309
8934520617
8254637091
8945012673
8709521643
8236907514
8609473215
8741329506
8653942170
8049517632
8456703921
8512430679
8920347615
8764091352
8026549173
8672930514
8092351746
8046139572
8025147396
8425193076
8216390457
8371540926
8693412750
8265307419
8120963574
8712306594
8594710362
8360241579
8479213560
8179254036
8305421697
8725143609
8170293546
8527301496
8562093471
8561420739
8371625049
8690254173
8279034615
8416293705
8245169073
8042356971
8451270639
8270694153
8943152076
8354160792
8715293046
8406523719
8751034926
8692154073
8402965137
8169034572
8527164039
8692170534
8301925746
8604712953
8934052716
8453016792
8509126374
8269047351
8246759013
8541376029
8915743620
8175349026
8095173264
8026153749
8679152430
8025174639
8023914657
8463572091
8549321760
8957146032
8174309625
8524907613
8124673590
8249175063
8756209413
8194750263
8649750321
8245736910
8960731254
8521394706
8716029543
8194203567
8061459723
8562379104
8570912643
8261370495
8701456239
8219075634
8653297401
8039526417
8096435217
8432169057
8942376501
8927651430
8307956241
8139745206
8209471536
8563109427
8793625014
8467302591
8950436172
8079216534
8279136045
8130792456
8071462359
8014657293
8765234019
8743610529
8172659034
8135624079
8059712364
8093524761
8623145097
8390142567
8592731604
8279016435
8196420375
8951304267
8261304579
8753026914
8145623079
8492160753
8231756049
8429617035
8194375026
8735064219
8063795142
8432650791
8162507943
8701459236
8465032917
8506934127
8370921654
8925614037
8045631279
8317064952
8231457690
8592760314
8496051723
8924576301
8453719206
8425610973
8467509123
8249367015
8297046135
8960435712
8260194735
8109426357
8139425607
8701364295
8904571623
8456937021
8562710934
8972460513
8435296170
8356401972
8715492360
8710394265
8753416920
8746392015
8721390465
8974105326
8726014395
8425173096
8512760394
8637154029
8561374290
8417293065
8709635142
8173460529
8719302645
8495731062
8367205941
8574603912
8519603274
8426705139
8206347195
8951037426
8042965731
8650793142
8593214706
8702914536
8549701632
8735610924
8342179506
8502469317
8795041236
8504729163
8692043175
8475901632
8456021739
8924013756
8053762941
8395210746
8017439526
8235649107
8216754039
8304756219
8579213640
8432509761
8034657921
8346201975
8624137095
8913065247
8452093671
8245791360
8257936104
8904723615
8261704539
8219603547
8359460721
8514329607
8742963105
8391506742
8542971360
8743659021
8245039176
8420735916
8142976305
8145729360
8175902634
8543720619
8249316507
8457012639
8369504721
8741392560
8164590732
8945632071
8502631794
8623041597
8015769423
8240653971
8157903624
8723901645
8206475193
8370621459
8695031247
8013265974
8759406321
8905134762
8631472590
8345190672
8132467905
8354190267
8163059724
8196523704
8042397516
8936054217
8150364279
8450236971
8012635497
8325016974
8362015947
8621975403
8753612904
8647105239
8406179253
8375402169
8461205397
8157306942
8297014356
8910435627
8159372604
8791630524
8694731502
8712640359
8652943017
8735610924
8652409713
8952146370
8403967152
8635719042
8951032647
8596302147
8531926407
8340562971
8462195730
8307961425
8630742159
8657914302
8473290156
8321095647
8201647935
8429570316
8276594130
8639517024
8276915403
8456132907
8426195370
8293156074
8751024936
8352174609
8054176329
8594703261
8376524901
8276951340
8567032941
8106457932
8254906713
8172546930
8956021374
8450362179
8375169042
8402356197
8197263450
8045279631
8419062753
8760319542
8450296731
8241509367
8206715934
8725910643
8396172504
8392746510
8235174960
8657019324
8716950423
8203196547
8361579042
8530197624
8294071536
8250736914
8273416095
8576420193
8902137645
8517602493
8214369057
8647923501
8205149736
8321469057
8154902376
8045637921
8253601947
8413679052
8235096471
8726195340
8295310746
8350714926
8936451027
8457063912
8925603174
8053142976
8764025139
8013925476
8152647039
8964710352
8596703421
8930172645
8056392147
8703945261
8957143260
8132940765
8120749635
8013562974
8924317506
8902671354
8395042716
8729105364
8346201975
8146935207
8617043952
8274530961
8257396014
8531904267
8163420759
8715342609
8694152037
8013269574
8043952167
8712360459
8973461052
8376402915
8741530269
8405937621
8715963042
8753492610
8721659304
8126093547
8159743602
8429067351
8921607534
8027345691
8531279046
8302154679
8256730419
8401965237
8973016452
8574623901
8391576240
8045971632
8325407691
8159627034
8052431769
8564972130
8731026954
8723460951
8695120743
8367920514
8709316254
8753260194
8436712950
8649305217
8041537692
8790143562
8317529406
8169475302
8961745230
8072154396
8749310652
8290514376
8423597061
8234106759
8043612975
8954017362
8731920456
8645937012
8490732165
8924063751
8741529630
8150964732
8367240159
8619024573
8067139452
8163942705
8627491053
8547621903
8296530741
8305219746
8735691204
8497321560
8402519367
8742910653
8310547296
8736519420
8375192604
8124570936
8461305927
8453607921
8972453061
8964513720
8509126437
8562740139
8650374291
8702914653
8463509127
8230659147
8709215643
8634950271
8924107563
8139526704
8341652097
8713245609
8459673210
8954762130
8256743109
8047253619
8674539210
8625031794
8157092364
8049231675
8159430672
8059423716
8379041265
8409375162
8736510294
8310652749
8017365924
8321694075
8529470361
8531029467
8095321746
8713659402
8765341290
8521793406
8540631729
8790145263
8326901547
8435791602
8917325640
8160745293
8596124037
8236715490
8319526740
8639427015
8679203145
8074261539
8370295614
8061795324
8531042679
8014926735
8305694127
8092615743
8192475630
8340269175
8960325741
8216439057
8752091364
8157960432
8290456713
8041962537
8637901254
8461203795
8194527306
8014957263
8450216397
8976512430
8264903571
8435297601
8593076142
8567392401
8651930742
8196037524
8093714256
8354691207
8601374259
8042179356
8106974532
8352190467
8731245960
8452901376
8905163472
8742519360
8105276934
8257306914
8193754260
8632745091
8219756403
8036579142
8237951406
8327165094
8725913064
8246170935
8750249136
8436905271
8915647023
8609375412
8394176520
8049163752
8249036571
8049732156
8904257361
8412750936
8461725309
8604572931
8493270165
8135467902
8049167235
8579413260
8235614790
8436197250
8194502736
8507942163
8264319507
8293471056
8504192736
8573942601
8071362459
8395647021
8671350294
8269304715
8023945176
8107965243
8439017265
8537061429
8412796530
8392417506
8091756432
8609351427
8126473590
8596310472
8460725193
8941506723
8790532416
8452967301
8095231674
8532761409
8931265740
8912703645
8642970135
8261543907
8296130754
8972165304
8630712459
8576302194
8073965421
8351976204
8043519276
8605924371
8150247963
8921650473
8267930541
8713690245
8190546732
8537109462
8364702915
8132605947
8372194065
8923471506
8627519034
8741039265
8741593206
8795104236
8671529340
8621375490
8054361792
8613547029
8920765143
8732619540
8769450123
8624950317
8604912537
8316092754
8213967504
8390657124
8453601297
8902714356
8706519432
8209451367
8236095174
8195603274
8604593172
8793450621
8350276941
8250679431
8036597142
8024567319
8325974610
8436590712
8947630125
8734906521
8973106425
8179345620
8765431920
8035917624
8190264753
8149675032
8743129560
8471526903
8532716094
8340276951
8716302549
8491750623
8463950217
8195073426
8972310564
8367914502
8423790615
8204517639
8564213097
8714052396
8721694503
8652907143
8037146295
8642159703
8725961430
8420971635
8320476519
8320165974
8721604593
8945062713
8072495316
8769304512
8614592730
8945306217
8356094271
8651297403
8069752413
8540926371
8593064712
8961502347
8297630541
8419276503
8537206419
8390214567
8794526013
8340697512
8562490173
8359642071
8915364027
8236917540
8495702136
8047592613
8137290456
8725160349
8417526039
8743596102
8164793250
8726431590
8673294510
8674109325
8346172905
8529367014
8250479613
8970143652
8257490316
8906542173
8491026375
8394610257
8314057296
8627341509
8029653471
8205746193
8091764235
8326451097
8196402375
8765309142
8653142970
8620547931
8470539162
8192350647
8201957436
8034179526
8364912705
8947652310
8271640935
8274619503
8397025416
8206947315
8170456932
8936754012
8750641923
8074126935
8162359074
8013496257
8591046237
8470592613
8715902346
8647309215
8906371542
8764032951
8790215643
8163297054
8610524739
8179250463
8670493521
8193672045
8549372601
8057936124
8521693074
8365179204
8594263071
8059271436
8946530217
8904351726
8374125096
8379504162
8123749056
8304652917
8501976342
8432975610
8306912475
8579231064
8017625934
8971620354
8027934156
8475261309
8079612354
8254906173
8936527410
8964103572
8360295417
8591346702
8590371642
8234175690
8419573062
8279641350
8314970256
8074563921
8632571094
8174925630
8645210739
8902316574
8923054176
8346159027
8219065374
8634921570
8152697034
8142790356
8596324710
8691207435
8607259413
8902371654
8374591620
8632051974
8175024639
8751493062
8642531790
8624591307
8245697310
8134520976
8073462519
8274351690
8657412039
8273019456
8314209567
8251603947
8392475601
8520793614
8274063519
8309165427
8932107654
8912350746
8504729631
8716045239
8976205341
8104975236
8657901423
8501972364
8491750236
8369104275
8397512046
8673405219
8132597046
8026734591
8297053146
8501742639
8539061472
8376512049
8372965104
8972364051
8952034167
8735019264
8162570943
8913562407
8261540973
8945612037
8410267953
8032951764
8913460572
8261094357
8730492615
8310659274
8135420967
8746310925
8263057194
8534602719
8739264105
8451637092
8462093751
8924706153
8049371625
8074625139
8012436795
8579136420
8107534692
8234196750
8921076453
8679240315
8910354726
8490653271
8423051769
8150263794
8326457109
8079215463
8136502794
8754306921
8672945103
8937021564
8345279601
8750139264
8431720956
8690243715
8731596402
8029153764
8673029514
8067542931
8723069514
8314659072
8095423761
8105923746
8045379162
8435012697
8624790315
8541037692
8219470653
8106725394
8367509421
8156924370
8571264930
8015249736
8392041756
8435619072
8059634271
8039421576
8071542369
8279150436
8052641793
8432075961
8947362150
8072369541
8510279634
8174369052
8364152079
8964750123
8593627140
8203754619
8671495032
8106435972
8520714369
8324670159
8653790241
8543276910
8256309147
8612954037
8307491562
8315946207
8056931274
8461253709
8520937416
8936250147
8164579302
8150624973
8157624309
8159267430
8109345726
8213569740
8309412576
8329160574
8496537201
8210749536
8934625701
8567392014
8493261507
8920471356
8791624503
8237451096
8920571346
8394052617
8697320145
8624317509
8570623914
8901674235
8459106273
8761294530
8693204517
8094216753
8649203715
8706943125
8092547163
8069731425
8735196420
8651794032
8217965034
8104763295
8064321759
8639217504
8507126934
8631072459
8254391760
8497152306
8709163254
8257069314
8310652749
8375190246
8357094261
8063457921
8493251076
8062741395
8092637154
8015924763
8420753691
8604219357
8425913706
8267143095
8617253904
8130976254
8694207531
8960437125
8273106549
8507194236
8697430215
8942736150
8917205364
8109346752
8203564791
8547069123
8163275094
8021453769
8294560137
8597624301
8203769541
8672495130
8069275431
8540726193
8642570391
8674931520
8490265713
8234659107
8042791563
8143670295
8145023967
8470359621
8619275340
8704359126
8094163725
8067195234
8592714360
8213594760
8592670143
8415976230
8259176340
8192753046
8374621950
8743062159
8493176250
8510346729
8143297605
8635014972
8563140729
8143760592
8096543172
8237106459
8574692013
8573094612
8351209674
8642593701
8024917536
8739650241
8539417026
8192345067
8046371925
8359614720
8712934605
8256071493
8610453279
8945632170
8149753206
8504162379
8276413095
8901256437
8904756132
8591243607
8791503624
8327104956
8634051927
8096371254
8604179523
8302579641
8036124957
8953610724
8693452071
8390164527
8971042365
8304517296
8157409362
8234170956
8972306415
8635194027
8136740529
8390654271
8419672530
8759604123
8571094632
8659372401
8735096142
8503219476
8129435067
8632914705
8501369472
8091245637
8905246173
8307125946
8630495217
8036152947
8957036214
8095164732
8294517603
8473201956
8439506271
8093764152
8623957104
8149506732
8526107493
8367925410
8791306542
8409176235
8526017394
8972654130
8164053297
8703692415
8571240936
8136947520
8456093127
8507691243
8075219643
8590462371
8609745321
8069453172
8761359024
8049723651
8762195034
8190354276
8532690741
8765403129
8450267193
8125497036
8302574961
8469512703
8160723495
8532406197
8407526319
8927365104
8276340951
8364192057
8742350169
8372546109
8536920741
8276901543
8954317620
8415736290
8379054216
8534692701
8259763410
8562790431
8209573146
8423501976
8641537029
8362459710
8107654392
8360291745
8659130742
8954072361
8039452176
8017692435
8169402735
8321506974
8246037591
8736219405
8349527016
8479132605
8957204316
8403725916
8461579302
8510246937
8379012654
8769530412
8149530276
8406729315
8397412560
8306129574
8415026793
8972015436
8620395174
8532967041
8417526903
8075196234
8217504963
8203591467
8795643201
8516029734
8046372951
8510932764
8512763490
8459720316
8421705639
8071234569
8257419630
8452673091
8941520367
8740612395
8765142039
8731452096
8936251074
8520491376
8192674053
8029673415
8265731904
8092517346
8931704256
8156032497
8240679135
8045132679
8713056429
8504637921
8593176204
8036415729
8179520364
8652034917
8341057926
8253196470
8261534907
8503719642
8120536974
8904627531
8056243197
8903725614
8415902367
8261045397
8614572930
8672439501
8607392145
8491206735
8509214736
8605219347
8901475263
8023691475
8076349215
8634150729
8724039561
8405971236
8362107954
8346729051
8452307961
8264951073
8564712390
8923561470
8174960523
8935012647
8791402635
8147963052
8134265790
8314260957
8941567032
8365042791
8749513062
8712963045
8592346170
8350176249
8314709625
8094312567
8065374192
8609537241
8190526734
8537264901
8159342670
8605423791
8605317492
8542307691
8712049365
8695243071
8967520143
8765041329
8127634950
8107459632
8091627354
8156042397
8290436751
8369547210
8053479612
8690534712
8450962713
8352067419
8479523106
8402651793
8904325617
8324570961
8593160742
8176590243
8659237140
8467150293
8560492173
8641957230
8036524719
8902436175
8419502673
8035412769
8794165032
8702913456
8370264519
8921467530
8402391756
8690351427
8316025497
8637901425
8749621503
8496057321
8019273654
8691402753
8135946270
8293761045
8519327460
8375064291
8412907635
8956273140
8679413250
8142056379
8421370956
8734215069
8294053761
8061924753
8245790316
8251790364
8642109753
8201476953
8539076412
8201593476
8450673912
8176349502
8619302574
8126073549
8069124573
8435076921
8796415023
8269734501
8521096473
8103947562
8462935107
8543269701
8693245710
8564297301
8793125406
8643271095
8401963752
8961743502
8513947062
8405329716
8751926403
8107245693
8016732459
8602915743
8619307245
8470591236
8369072154
8057293164
8192743065
8153069274
8327196540
8037215469
8276403915
8407526391
8752643190
8249310675
8197402365
8305714692
8632054791
8216493075
8493602175
8071625943
8062547139
8317025469
8629047153
8470362159
8504691372
8915207634
8425036179
8729306145
8671234059
8936274015
8324165709
8639520714
8471693052
8205163794
8054162739
8920613574
8603497152
8061234759
8291473065
8514360792
8327015946
8052469173
8349721065
8954203716
8257063419
8935142607
8742156903
8126574390
8965124073
8524671039
8310549276
8965470231
8042769531
8054927163
8691350274
8092643571
8921570364
8749231650
8106793452
8314590267
8964312057
8912574036
8467921053
8129703465
8192360754
8193506247
8401675923
8053926741
8093245761
8412306759
8709362415
8170536249
8103642759
8451976302
8042957613
8961307452
8479035126
8794521603
8704293165
8543126079
8432961570
8609357412
8314925760
8541039726
8390427165
8742613059
8612957043
8239710564
8264730195
8125704963
8654721930
8193054267
8034721965
8142756039
8521906347
8971406532
8236409715
8529031647
8230594167
8647509312
8715643209
8912465037
8719326450
8421905736
8392640571
8640915327
8736402951
8452637901
8327695410
8754012693
8405693217
8726134059
8257964310
8716394520
8450639172
8453061927
8452103967
8205436971
8510329674
8065179243
8152706439
8905731642
8235476910
8590267314
8462031795
8019276435
8472563019
8974025361
8209436175
8201935647
8647952130
8459702316
8059413627
8094726135
8543627091
8324709516
8263540791
8971240356
8395274061
8753041692
8439760251
8407563291
8742013965
8369142705
8912076354
8059734612
8579026143
8329451670
8912753640
8295470361
8513906274
8571294306
8529367140
8041695372
8569027413
8217930465
8239074561
8254076913
8560124793
8705946123
8409762153
8051327694
8926437501
8130792654
8163572940
8537109246
8069472531
8352604791
8205916374
8013697542
8621450973
8975042361
8729304561
8493206715
8916473250
8274316509
8937641520
8374960152
8197546302
8731562490
8674153290
8579321460
8730265194
8540263791
8724931506
8192360754
8951436027
8527406319
8302641597
8453902617
8751329046
8570296413
8791063254
8690175234
8641305297
8723451609
8916204753
8721905364
8650271349
8925170634
8521793460
8027136549
8601492735
8537120694
8972065431
8651970243
8937156240
8243097651
8549602173
8957326410
8156204973
8609432157
8256413907
8567032419
8520467913
8951603724
8963715402
8436029157
8054162793
8062734519
8461702359
8065497321
8760514392
8253064179
8927643051
8162097534
8794650213
8709245136
8109735624
8041623579
8594362701
8124396507
8465932701
8973461205
8245190376
8594327610
8937542601
8371654290
8360254971
8471965203
8360215974
8142376905
8043916725
8036719254
8701256394
8401596723
8971065234
8306529714
8560293174
8563094172
8157930264
8467051293
8714052693
8534709621
8796120354
8032619745
8942037156
8327046591
8471326509
8039174526
8947012356
8035476192
8230796451
8063947215
8701536924
8437206195
8591346027
8271639045
8543196720
8236140975
8735249160
8593206147
8654173029
8304516297
8237564901
8501246739
8560132794
8267094135
8041376529
8697325014
8216503479
8569470312
8064132795
8162503794
8570934612
8695120473
8302647519
8365709412
8564032791
8641530297
8540967231
8256970413
8431927506
8569213470
8670259134
8340967512
8597123406
8712039456
8476230951
8709132654
8420156379
8967152034
8629045137
8610724395
8164937052
8461903257
8510426937
8425067319
8075192346
8463127059
8104935672
8196345270
8207639541
8154037692
8942071365
8690432715
8235641079
8371920465
8610759324
8721609534
8961704523
8523794061
8547602319
8941367520
8156490723
8910746235
8764219530
8972653140
8351069472
8732150694
8546170293
8526791043
8605341729
8074256139
8716052394
8204376951
8293507416
8192750364
8541629037
8561723049
8049362715
8690521743
8965271043
8031594672
8795632140
8014735962
8710943526
8630217459
8913067452
8514203967
8640519273
8347906521
8745931620
8095134276
8375946120
8759260143
8724309561
8264190753
8261970345
8750321649
8261034795
8736125049
8124905736
8170649352
8019674235
8631275904
8627154309
8301792546
8279614035
8742905163
8453296071
8930147526
8306957421
8039716245
8276319540
8236501974
8795041623
8421096375
8143695702
8791536042
8273465910
8915637402
8926034175
8174563920
8132760549
8715436902
8139547062
8745963120
8427139056
8465379210
8957134602
8465091723
8749203615
8709523416
8792130654
8942156073
8025734619
8923751460
8570126493
8259163074
8529134706
8796245130
8623179405
8061937452
8379246150
8231097564
8964035217
8157943260
8213504967
8921350746
8492367051
8153702694
8716405392
8459072316
8049537216
8972546103
8639417205
8230951746
8713096452
8732940651
8453201967
8937062451
8579310462
8176240395
8216407953
8736215049
8619503742
8207543619
8690427315
8760423915
8720359146
8069235741
8079436251
8907641352
8760542139
8396457201
8452639071
8165742930
8216073594
8592673140
8901432657
8679510243
8495120673
8912470653
8714390256
8201597346
8237964051
8629071543
8302475196
8165023749
8051723946
8951432706
8025139746
8761453920
8206495173
8170265493
8139260754
8951370426
8265317490
8763412059
8473610259
8302145976
8160942753
8142097365
8013265794
8723194560
8205697413
8472910653
8314256907
8120743965
8149730265
8964025731
8205376194
8376094521
8590321647
8470159632
8409732165
8413759620
8739246501
8932706145
8365427019
8627950134
8173204569
8570392614
8016579432
8472631095
8932760145
8039247516
8109762354
8024195736
8947123650
8035127964
8761293504
8520973461
8469310275
8516730942
8021356974
8354179206
8214635907
8437960215
8160253974
8315769042
8293564701
8612035479
8372059614
8214769350
8904561327
8625471390
8279653410
8702316495
8651243079
8516402739
8420165397
8672945103
8369451720
8271096345
8941725630
8195063427
8946103725
8456102379
8521069743
8296451370
8052619734
8654730192
8970256134
8302561497
8341567902
8514930726
8401579362
8659104327
8065931247
8237596401
8026734591
8103597246
8106974532
8463021975
8510436729
8634125709
8260749315
8340751269
8302197645
8947105236
8092751463
8643715209
8653794201
8036975421
8642503719
8514297063
8123564097
8627105943
8710346259
8092361457
8439705126
8953741026
8476301592
8501246379
8769025143
8104275963
8029164537
8097321456
8409362751
8915734062
8579204631
8249507163
8943512670
8427056319
8943052716
8692345071
8064152397
8394752106
8940761532
8564079123
8463520179
8439502671
8254376190
8043219765
8923056417
8290563417
8416925730
8506741239
8957642031
8549731026
8603527914
8194506273
8257310649
8026945317
8702913564
8695340271
8150769423
8653974120
8714932506
8593021647
8436712905
8016593427
8173260495
8309471562
8527619340
8926017345
8451069732
8742936051
8604279531
8190254376
8219740365
8520613974
8395147260
8257496130
8421605793
8407253196
8764902153
8692015473
8902365174
8796051243
8246913705
8793064152
8429567103
8092571364
8507461392
8631047952
8520196437
8471690235
8240391576
8267413950
8560374219
8943026157
8573496021
8462097513
8024795613
8394675210
8276419503
8394267051
8293154607
8204563917
8296735014
8741902653
8521709634
8625971304
8645923710
8245013796
8290637514
8346790251
8572609314
8573260941
8749012356
8307264195
8529341706
8915032647
8052763149
8290763145
8501243796
8952640173
8372650491
8971204635
8341762590
8502397614
8562340917
8067259143
8091762453
8320754196
8430159267
8356742190
8403629157
8059364712
8635107942
8741032695
8469012753
8236790514
8307951462
8419267530
8327061954
8123095467
8605724319
8267435190
8236059147
8672419305
8927453016
8920456317
8350126974
8752043961
8273016954
8930125746
8206974351
8415392670
8507964132
8067125493
8052697134
8546271309
8740159236
8051427369
8023546917
8435921076
8016345792
8169025734
8509762134
8103765492
8963207154
8462530971
8943075621
8054126397
8906724153
8546912307
8924107536
8093615247
8164397520
8716904523
8139076524
8603471259
8349170526
8549631720
8625473109
8345916072
8472531690
8052931467
8946213570
8670295341
8532960471
8239154607
8210743659
8635427910
8375961240
8624951370
8529346710
8269135074
8239057641
8730465921
8467125309
8423507196
8496725013
8627305149
8096152743
8459172063
8572316904
8739016245
8129473560
8635041279
8274650139
8926413507
8537620149
8725031469
8592704361
8691524370
8609127543
8492307516
8406239157
8125479063
8219603574
8367541902
8064923157
8172640935
8130754269
8247359016
8120947563
8297503614
8249560317
8539760124
8271590364
8917630452
8095713246
8217963045
8951473206
8546213709
8613452097
8176293540
8416379205
8053749216
8360257419
8760591423
8317964250
8306591742
8954271036
8247560913
8236740951
8420796135
8493712056
8093127456
8576941203
8140967325
8605247391
8045317962
8539721046
8341520796
8156473902
8512739604
8517634092
8426097315
8342197650
8671392054
8570923614
8427690513
8603729541
8374019562
8603927154
8045672931
8210943657
8072345691
8491350267
8327640159
8465017329
8164930275
8415296073
8261357409
8371905462
8625074319
8314097526
8175236409
8509216374
8516439720
8267093451
8715694203
8390745162
8609317245
8401635297
8607251394
8763024951
8594206371
8649527031
8614952307
8314652970
8941273506
8421639075
8079512463
8624531079
8740369215
8237509641
8295317604
8629357410
8719435206
8724301965
8406291753
8512073694
8921356074
8469021753
8709261435
8942317056
8947061325
8742165903
8351794206
8503762419
8913756042
8750621943
8354096712
8740965321
8021937465
8149756320
8643791205
8105943726
8237590416
8203567914
8375604921
8513296407
8730264915
8720169453
8106925374
8156930724
8931245067
8463571209
8243576901
8642593107
8067512934
8392105467
8431760259
8642759013
8156904327
8625139470
8649730512
8076249351
8473615092
8652439701
8071239654
8257934016
8075362941
8593462071
8379046512
8142739560
8204957163
8402139576
8157904632
8149056237
8914306725
8957426130
8165093247
8951760324
8576419302
8927345160
8953406271
8053614972
8041265793
8172560934
8942063715
8619745203
8271530496
8549601237
8024753916
8406572193
8796502314
8421693507
8210735694
8506274319
8495726130
8205913764
8610472539
8036572419
8706134295
8695023714
8961475230
8091564723
8413750962
8631750924
8574316092
8365490127
8421763590
8206354971
8152360974
8261703945
8064971532
8047392516
8640592713
8470235961
8941230657
8901423576
8402791635
8427936501
8674512039
8341659702
8345019762
8791463250
8409672135
8326791504
8319674205
8014352967
8076295134
8263175940
8042915763
8745021936
8194607325
8530621974
8416927053
8697123405
8342950167
8149236705
8506231947
8376219045
8921645037
8914257360
8650927341
8260937154
8601524379
8073619542
8510973246
8495307261
8640523791
8324105796
8540376192
8759012463
8507632194
8390167542
8496510723
8023451769
8730526941
8730291546
8659027143
8426153709
8697452310
8230546179
8617304592
8041529673
8594073621
8627105493
8651390472
8513720649
8021543769
8651290437
8619453270
8726035194
8256093714
8625349017
8596421703
8341729506
8361054297
8093754126
8725134096
8172560934
8504319267
8465209173
8720316945
8159046237
8719245630
8156437092
8176453920
8643209175
8459763012
8723064195
8752136094
8206473519
8064179235
8960457231
8267109345
8370952641
8923716045
8356470219
8240917653
8093417256
8062735941
8352740169
8037219564
8570416239
8579132064
8579046312
8726913405
8059142376
8714256903
8764025391
8709134256
8975204163
8756014293
8269130457
8162304795
8247691053
8304957621
8071243965
8425967130
8179635042
8250631974
8791542063
8953724106
8390745261
8123649750
8647520913
8369574012
8251460397
8029673145
8690421753
8513276049
8437169052
8039476152
8461035279
8371906254
8374260915
8506147923
8309571462
8791430256
8092167453
8027356194
8523097164
8709234651
8230745961
8049276135
8052163479
8156420793
8357042196
8031769452
8712543609
8063419752
8196753420
8296704513
8091742356
8709215364
8495102376
8937064521
8203579641
8291046357
8407625319
8702356941
8693104257
8592301476
8567230194
8605741329
8137296054
8142970536
8365049172
8670125349
8156043792
8701426953
8502436197
8906327415
8713450962
8564319270
8341256970
8209135764
8209741356
8754391206
8074169532
8193670425
8426310579
8793501264
8739125640
8526971340
8153204697
8075346192
8429675301
8496021357
8967415203
8257904631
8619543072
8649530271
8726139450
8752103946
8146735902
8413790526
8215607439
8210974356
8309517462
8954063712
8921450637
8670132594
8392507641
8453927016
8346951720
8416935270
8037164295
8196503472
8203417596
8019563247
8204963175
8452396170
8539067124
8067349152
8512963704
8139764205
8961543720
8592413670
8521703496
8102945367
8106427359
8620397541
8231790456
8691527430
8326154790
8062453179
8069375124
8056941273
8641097523
8075634291
8014269735
8736510942
8324670519
8190253746
8735016942
8453912607
8156074329
8420371659
8976305412
8653170942
8273409561
8265014739
8473952106
8592013476
8196327054
8459271630
8936274150
8370914562
8407193265
8672503194
8097342516
8214507396
8702546913
8153794602
8643572019
8769045213
8754630219
8374910265
8704956213
8302745916
8593472160
8209617345
8731402965
8532109746
8345109267
8940726351
8694105327
8790345621
8463052179
8106294357
8421576390
8917035624
8567213940
8243590167
8739421056
8019573246
8196405732
8719456230
8246371590
8527904361
8930142567
8354720196
8296135407
8097263154
8243570961
8590726314
8367109524
8753620419
8910346725
8657913420
8635970241
8706952134
8601749532
8153907624
8124903657
8132654790
8435209671
8376904521
8916472305
8059714236
8150697342
8095361742
8173925640
8956742013
8920731564
8729043165
8623709145
8429037165
8607341925
8437906152
8261053497
8426310975
8701356249
8924613570
8764512903
8065149372
8502941637
8654273019
8052397461
8245760931
8216079453
8346107529
8927516043
8095264713
8125364079
8491250637
8325690174
8392706451
8704536291
8051724369
8326091754
8275346019
8632594170
8263054917
8769123054
8243675091
8176903542
8302197456
8015429367
8394615270
8904215367
8190467253
8975623104
8610357249
8359401762
8649523071
8671239450
8701235496
8975624301
8306597241
8594706123
8240935761
8364592071
8927315064
8079216543
8397210456
8973246015
8042375916
8051632974
8246375190
8150392476
8610923754
8167203459
8304591267
8509643127
8420735196
8426913570
8152479306
8350614927
8610432957
8947510263
8941257603
8942013657
8539126407
8217065394
8493672051
8275943160
8523916470
8714905623
8761259430
8329716054
8014732956
8037912645
8935407126
8270419563
8691023745
8937106425
8714206539
8761035429
8145273906
8107692435
8465103729
8125407639
8094152367
8631724590
8405261739
8426073195
8541327069
8693701254
8709413526
8740159632
8102743956
8751340269
8473905162
8412096357
8694321075
8601593472
8134950627
8903245167
8206459371
8671395240
8364207591
8504163792
8962534710
8916207345
8529140376
8270493615
8173629405
8301264597
8526437109
8934071562
8246950173
8234679051
8279534016
8041396275
8542670931
8046735291
8064932751
8521794630
8071623549
8367109524
8359740621
8913570264
8672594103
8934027156
8074516392
8142397650
8674591320
8695072341
8307154629
8962751043
8325014679
8423509716
8705396412
8065179423
8520671394
8597134062
8531024769
8164930257
8906235147
8027159364
8790615423
8769420315
8436950217
8764031295
8125463790
8367219054
8426513079
8362950417
8459327061
8967123540
8192507436
8076352914
8745031692
8472935160
8564273910
8169354270
8245390617
8593176204
8130279465
8645392170
8039764215
8219530674
8531024976
8340296715
8920364517
8435071296
8091436752
8901624573
8497562301
8970126534
8609327541
8720495163
8560129743
8075942631
8925047631
8401357962
8937241506
8264301759
8264170395
8205634917
8529471630
8074593216
8017592364
8013567942
8321547609
8061374259
8629371504
8154273609
8471059623
8013647295
8206415973
8692357014
8675190342
8037154269
8765019324
8052634971
8174069235
8024671593
8902643571
8309251647
8651093247
8745261093
8459670231
8394627501
8467032915
8951324670
8912346570
8641539072
8241360975
8604325197
8061574329
8137642950
8973416520
8761524930
8137250496
8739642150
8924567130
8364027915
8412569307
8014973562
8194726530
8567039412
8629034571
8430561729
8295107634
8354029167
8167502943
8095743621
8943712650
8491075623
8931450267
8035216479
8291735046
8396470152
8026973154
8569237140
8963407251
8569473210
8602513974
8970361245
8431670529
8465139027
8470935261
8914062375
8976401352
8209173654
8059761432
8154907362
8410765932
8023715964
8042536971
8345261097
8392640571
8453017269
8563129074
8091356742
8517942306
8419673205
8319567402
8609231745
8273104659
8092735416
8597421360
8721904536
8964135027
8159236074
8193065427
8274901365
8952401637
8167420593
8365419720
8023695741
8073256941
8672451903
8320649517
8736925401
8264750913
8794035612
8592047136
8109427365
8374125096
8073169524
8430692715
8506712934
8594301627
8746059123
8032954617
8254793016
8426170395
8165403279
8395712046
8605794213
8405723961
8590312476
8601753294
8307291465
8263190574
8746293105
8650429317
8472051936
8453197620
8071462935
8456203971
8932615047
8567432901
8926054371
8416502379
8659134720
8903254167
8621430795
8201536749
8963207154
8726149035
8095712364
8531204796
8314295760
8793125046
8205134976
8627340915
8032579416
8045267931
8692054371
8620349751
8143026579
8794035216
8271409536
8461579230
8165034792
8309256174
8651034972
8210643795
8564902371
8961750432
8651923407
8271306945
8602539471
8174623059
8950347261
8971063245
8175642093
8431907562
8162794035
8519643720
8372156409
8061537942
8346927051
8347510692
8973210564
8376145902
8467209153
8310264957
8931074526
8064321579
8163725094
8921574063
8624093175
8023561479
8234091765
8249357106
8571460392
8139054627
8950274361
8291573064
8546372091
8597204136
8902375416
8319624750
8971043526
8150329647
8024567193
8617495302
8641903572
8953412706
8713902654
8312476509
8679012435
8247963105
8901762354
8519342067
8062413759
8692701345
8074163259
8251437096
8140529736
8367195402
8376524091
8192056437
8796152304
8651073924
8915364027
8130975642
8437590216
8314709562
8695124370
8659234071
8054732619
8923504617
8371259406
8613754920
8731296540
8639715024
8321705694
8462175093
8693175024
8294356170
8931627450
8972450613
8579104623
8576310429
8352714906
8540297136
8136790254
8164729305
8026519743
8634572190
8546320971
8549671230
8153490726
8572640931
8421639570
8593071264
8195674320
8146932705
8435927160
8092654317
8629541730
8162305947
8962345017
8235167490
8415290376
8362901745
8754360219
8910634527
8260317549
8762019453
8923457106
8640597231
8453961720
8459067132
8901437562
8270943165
8064375129
8905463127
8076432159
8913605247
8491652307
8796540213
8506147923
8560493721
8612043795
8016945237
8135092476
8093152467
8427305196
8429567310
8709345216
8179062543
8475691203
8391057462
8307519246
8216904573
8394172650
8324170695
8603475921
8674092351
8591426307
8192056374
8476035912
8192563704
8340127695
8325419706
8512930647
8623074519
8301942765
8764325091
8129307546
8736920541
8542937610
8514796032
8104263795
8629403571
8573416290
8716390524
8630714592
8263954017
8162940375
8473051629
8329754610
8597630142
8631057492
8753409621
8357069142
8431962075
8016497532
8379042516
8721439560
8035679421
8032654791
8572064913
8265073914
8325794106
8104976325
8403917625
8653720149
8403915726
8436150279
8793125460
8312649750
8430159276
8904256173
8219573406
8493712560
8462739150
8375690412
8314572690
8274961305
8501234697
8054639217
8945301726
8795640213
8392574061
8639572401
8697254031
8395264170
8471326509
8671905234
8402376195
8326549107
8176253409
8572490316
8762951340
8324056719
8964102735
8549137620
8157342096
8214537069
8496357201
8630429517
8051947362
8615934072
8402961573
8702614539
8153670492
8072156349
8719362054
8051376942
8054731692
8362417095
8520167349
8051647293
8259430671
8527046319
8219703546
8476039125
8251430679
8314025769
8649057312
8495706231
8137642905
8715269403
8453217609
8053719264
8247315960
8071695432
8253074691
8679120543
8620759314
8406215379
8637420915
8917063245
8936475210
8961340275
8471365920
8623597104
8614937520
8327140659
8675304192
8570943162
8295160437
8952601374
8912567340
8164702359
8052973146
8516349072
8973204165
8371540962
8539021467
8075612439
8245371690
8397614025
8357690412
8753106942
8730642915
8623194750
8763205491
8709314562
8376021549
8642539071
8349607251
8973062415
8465173902
8563972041
8370641925
8357069241
8534679210
8031549627
8604127935
8510742693
8576394021
8913476520
8265310497
8690521374
8140579623
8302796451
8304962715
8267104953
8416035297
8351096427
8752390164
8235196740
8571043962
8391245076
8076231459
8725614903
8705129634
8194357602
8345769102
8243910765
8046153792
8296340175
8269341570
8736154290
8754092613
8192534670
8742516309
8451629370
8657423901
8256014793
8904563712
8630294157
8432716905
8536029471
8094751632
8423601597
8509746231
8107493256
8529174360
8963520147
8574963012
8794316205
8319627504
8539241607
8923517406
8921476305
8571230469
8310759624
8497263150
8279654031
8632074951
8479103265
8210356749
8170632549
8215673940
8724691053
8701523496
8265134907
8036912745
8971302645
8064237915
8063427195
8463210795
8032147956
8267405193
8476253019
8571640239
8953402617
8230147956
8154093627
8961345207
8197364025
8247315609
8293057614
8137429650
8095642317
8039274165
8327510964
8497125036
8230567941
8013542769
8372601459
8217590346
8419632570
8241350796
8419503276
8713459062
8109647352
8409672513
8376542019
8350972461
8679543201
8352470691
8201574693
8635190427
8567032914
8514297036
8601792534
8341256790
8653094172
8563470912
8362105974
8732594061
8639204517
8296740135
8105236947
8609417235
8234075691
8521604793
8579043261
8945312706
8607295143
8264791035
8027135496
8679314205
8051963247
8950316247
8453169072
8421970563
8961243057
8132970456
8123907456
8507926134
8526149370
8027956143
8501923674
8452703691
8321507964
8026437195
8934102567
8592134067
8261459703
8250631497
8730961542
8639752104
8597641302
8623059714
8701269345
8763021549
8176904235
8143579026
8357961402
8960753214
8657120493
8571024963
8926405137
8536940172
8451329706
8726390415
8190356427
8567243190
8593047621
8210953467
8246017953
8492135607
8709253164
8430256719
8147903256
8407231695
8015927634
8904657213
8962137504
8247051369
8064539712
8750126394
8214560739
8356910742
8925107463
8205164937
8594031267
8547201396
8215369740
8416027953
8532491706
8912675304
8612357409
8409762351
8695401372
8631024795
8365240179
8056147392
8310247596
8502974361
8741563209
8394125067
8027694153
8693015724
8597034261
8263079451
8592604317
8176509423
8590716243
8735294610
8927513604
8415239607
8214067593
8173264905
8961072534
8356740192
8125963704
8352419670
8419530267
8936407215
8317064295
8457309621
8109372546
8605243791
8025674193
8106354792
8651324790
8742105963
8291407365
8465031927
8416523709
8173604952
8915406372
8145263079
8521374906
8956241370
8529604173
8973125064
8963124507
8625170934
8231750694
8043975612
8962750314
8756940132
8623407195
8632074591
8253941067
8096743152
8539014672
8719643205
8693740152
8342071659
8759310264
8192574036
8471590623
8461350792
8025637149
8436297501
8159327460
8247153690
8671302945
8546120973
8546213907
8251976340
8459036712
8691475203
8364015297
8402679315
8615273904
8905416372
8520364971
8654921307
8403216795
8736950214
8923650741
8725693104
8140675392
8145067293
8412765309
8914376205
8415736902
8705362149
8470592631
8720965143
8057496132
8625197304
8231697045
8614327950
8321470695
8314597620
8796105423
8465902731
8635170492
8705629314
8201365749
8643021597
8943126705
8375906124
8641057392
8307124695
8601739452
8654701293
8023149765
8137562094
8260735491
8750423169
8261490357
8163579240
8213709465
8476290513
8951704263
8740635129
8573249106
8015972346
8691374502
8571493602
8316402759
8296145730
8932406715
8307164529
8701426539
8659017342
8296407135
8936125047
8971235640
8650231794
8356021794
8312704659
8165247039
8543167029
8417290356
8142563970
8961425730
8012647395
8241369570
8570269134
8310946725
8723154096
8120963754
8965213740
8104295376
8319026574
8031652497
8536970241
8264079135
8590714236
8715392064
8160543972
8167423059
8503271694
8325470196
8406723519
8962107354
8306412957
8203714695
8103796425
8153972064
8645190732
8056721439
8120754693
8345916720
8257160943
8920531764
8410562397
8725304619
8120765493
8745602913
8054369127
8792615043
8702419635
8597324061
8476129053
8106724359
8067423159
8709345162
8401392567
8026431759
8109673524
8530941276
8231049567
8314529706
8671032945
8695372140
8501734926
8125063794
8172605394
8324165709
8406127359
8371924560
8540961723
8069731254
8431259076
8760412539
8234167509
8074692135
8415972630
8532160974
8039625714
8053291476
8347651029
8723619504
8195670324
8537621940
8274693105
8913420567
8795601234
8963257041
8590723641
8163950742
8504172936
8970241356
8734692501
8706341925
8075623194
8719264530
8046513729
8375409126
8395607412
8513476902
8930241756
8327496510
8157902634
8540712639
8367410925
8069125473
8520417396
8940613725
8134057692
8269074513
8537209641
8314965720
8214930675
8253901476
8650132974
8723965041
8132069754
8673259104
8973016542
8536920471
8360157294
8759413062
8730659124
8607312459
8712965304
8412756093
8621095374
8410396275
8013675249
8306152974
8902176543
8941672503
8615372094
8439760152
8914327065
8906253147
8241756930
8970461325
8421039756
8056194327
8530947261
8657921403
8106342759
8290615347
8670539241
8349071652
8901356742
8416732950
8376290451
8560729143
8649512073
8469352071
8674930125
8743562910
8241539670
8352914607
8954371260
8924530176
8364097152
8475192603
8376059421
8345916072
8431072596
8453912076
8971520364
8537140962
8629701543
8074965321
8673421095
8376190425
8609215734
8216390754
8769513042
8310479265
8936145270
8931645207
8175243609
8549067132
8357621409
8723514609
8647235901
8903657241
8519347620
8569720134
8243510796
8147035629
8625943701
8715429360
8973420561
8906752134
8670431592
8706491523
8923156407
8542963107
8625109743
8635201974
8310247965
8539170246
8521974603
8170394526
8672104953
8731052964
8507643192
8270415369
8062345971
8061354927
8076132954
8769031452
8137049625
8695412073
8305216947
8537269104
8163290475
8415236970
8912076453
8290314756
8516307924
8694312570
8703592614
8054639712
8415629307
8624935017
8679054213
8653207149
8170639245
8970156234
8724109563
8596307142
8721693405
8145907632
8703126945
8369720145
8416703529
8429531760
8426359071
8250341679
8607924315
8635721490
8471953062
8472930516
8736942051
8652019743
8356471902
8057936214
8530649721
8164023957
8127469530
8734165209
8314709265
8351426097
8963752014
8970615324
8903125647
8509176423
8432916570
8502413679
8470132956
8547290316
8320495617
8749132605
8190476235
8734596120
8310296475
8167052394
8513462790
8967451320
8741065293
8735140962
8430721956
8246751039
8456709213
8759201346
8546210739
8231057946
8457092136
8201649573
8025743196
8049627351
8961025347
8249315076
8793042651
8271450639
8065317942
8310592764
8057194362
8243075619
8124605973
8573602149
8531647290
8529136740
8156407932
8470361592
8926043571
8546901273
8329475160
8167509423
8045731926
8195632740
8427593160
8350741962
8150693472
8679152340
8764305912
8401259376
8735492610
8163452970
8517934062
8130672954
8702945136
8347902561
8627135940
8206743519
8546201973
8069247351
8752349601
8541623709
8195072346
8627015934
8795603124
8137509642
8013975462
8624359710
8573210649
8416973052
8012634975
8369502471
8740561932
8364129057
8467920135
8379241560
8392754061
8064791253
8290436751
8473502691
8473190652
8150932476
8674523190
8713950642
8397401265
8316957204
8479320156
8196527403
8517293064
8307946125
8351209467
8501674932
8940573612
8701239564
8235109476
8329157460
8049625371
8417632059
8067923514
8930621475
8574163920
8346091752
8350612749
8461953270
8759342016
8495013627
8942173056
8015769423
8261907534
8072594316
8910243756
8032579416
8463950271
8257391460
8643025719
8634150297
8134750269
8156490327
8761490352
8410672539
8751293046
8247356190
8076912435
8701952364
8697431052
8360147295
8260537941
8126094375
8437510269
8913576240
8413795260
8537410962
8160923574
8610492357
8379105246
8273051694
8942016573
8601352749
8629573014
8967352104
8437065921
8302154967
8697530124
8049721653
8759026341
8932574601
8610725934
8290435761
8756143092
8376521409
8405931672
8246731095
8720639154
8145369720
8912735406
8705431692
8564307192
8290654731
8153690274
8410726359
8714039265
8095123647
8930452761
8730619542
8751624039
8612043975
8957216430
8154793206
8920763541
8310279465
8249360751
8064591732
8915243607
8472019356
8360721549
8642571093
8420157369
8530624917
8162904753
8725610943
8274901536
8516942370
8291460375
8312460957
8943271605
8903752146
8405726391
8315047296
8745630291
8249715603
8512397064
8297046531
8350246197
8239547061
8451376029
8240795613
8409572316
8673420519
8193076254
8532146970
8072915364
8053264791
8529371046
8735261409
8069321745
8473951026
8967104523
8594076231
8034657921
8920514763
8410279635
8617425039
8491732650
8325974160
8210739456
8935201674
8265931704
8316724905
8673502491
8736245910
8430756219
8152367490
8043167295
8094365217
8405761293
8506937412
8670392541
8719356240
8739425016
8364091725
8250413967
8163270954
8096734125
8079134562
8693045712
8403195762
8532910476
8032957461
8625174039
8034156927
8710526349
8041972356
8503946271
8912563047
8509634712
8265741309
8365927041
8926573014
8765304129
8569710423
8362041597
8925361470
8074659132
8694512370
8124736905
8164072359
8956231740
8760942513
8541936270
8145293670
8104963275
8793061452
8146352907
8905763124
8073294615
8052167439
8527104396
8049253761
8470536291
8103976452
8327109456
8674510293
8149052367
8351097462
8504927361
8456219370
8467902351
8965230741
8972543160
8457603291
8067312495
8957041326
8902645173
8714609235
8452930176
8370192654
8925347016
8641957203
8637025194
8124763905
8379450261
8205941736
8354067912
8924351076
8023759641
8491276503
8129063754
8213450967
8047596231
8902736451
8704653219
8523619047
8149027563
8109567234
8015762349
8903165247
8953406712
8739450162
8973421056
8605173492
8315642907
8143590762
8230691754
8203741569
8619254037
8351740926
8510492736
8315069274
8921704653
8671035429
8614792305
8635942071
8120465973
8570641392
8041653279
8741956302
8649257130
8365190742
8706132954
8267391450
8571032964
8567324910
8517096342
8065943127
8542697310
8701395264
8607945123
8523170964
8163592470
8462901753
8957634201
8269531470
8154062937
8375960421
8503794621
8930156247
8520673941
8943257160
8140572936
8190574362
8126035749
8047912365
8032167594
8253740169
8715430692
8397150426
8639154720
8423190657
8012396574
8740925163
8037246519
8037642915
8106257349
8139756204
8649301752
8197023645
8246510973
8694025317
8276310459
8279603514
8204716935
8613240795
8793620415
8605974213
8257930614
8632154079
8069512374
8462915307
8927410365
8401732956
8712609453
8742590631
8107352946
8097354162
8056417329
8167092534
8105347962
8634259701
8034752691
8029451367
8167293540
8079354216
8542391607
8976201534
8674250319
8526391740
8432709615
8349752106
8420975163
8079213465
8652371904
8496012357
8549713026
8706213594
8173594260
8071296345
8912640753
8127364095
8061543297
8153269470
8271540369
8074132965
8204965371
8275139046
8573912406
8129067435
8162409753
8421390756
8426953701
8906342175
8153924706
8093245671
8210693754
8243761950
8071296345
8905642713
8290651437
8256140397
8935206147
8647091235
8542790316
8371960425
8726543190
8915732406
8413795602
8043956271
8597243061
8516029347
8037164592
8640597231
8437926501
8357640219
8673109254
8926374015
8421396570
8913457260
8701435962
8073159264
8573940126
8146572903
8207569134
8016294753
8961023475
8972051346
8402397651
8479021563
8721409356
8951742360
8236791045
8521049367
8903254617
8941325670
8274615093
8924576310
8493165720
8435962107
8069375142
8920634715
8190246537
8561034927
8730612549
8920137465
8430956127
8453796012
8395167402
8970413256
8472560913
8540163297
8931460257
8412906375
8952370146
8749231065
8940265137
8271463905
8735049261
8746053129
8429530617
8074569132
8357024196
8914637250
8037416259
8152369074
8197650432
8670954123
8420617593
8946537012
8165973024
8051267439
8541370269
8647091523
8412793650
8490762153
8720513946
8791425603
8724693051
8072314956
8479365120
8057214396
8936210754
8539041627
8472015369
8692137405
8691327405
8609314572
8973051624
8716354290
8376295104
8765310924
8267510439
8735690124
8357029461
8265790134
8029761534
8569213074
8024931657
8437201659
8175340296
8063751492
8123576940
8572906341
8734256091
8274531906
8301749265
8709513462
8601253479
8054621397
8392165704
8316045792
8270193564
8473915026
8429501376
8917256034
8625034971
8940763152
8529367104
8461253097
8692015347
8120469375
8027164935
8017234965
8543692017
8367591240
8354670192
8901425637
8740961235
8205943167
8624351709
8734562091
8420351976
8307194652
8207613945
8360594127
8132506947
8027153469
8215347960
8401396752
8465203971
8473069125
8123406759
8346972015
8465032971
8054931627
8910453672
8735290146
8176493205
8245601739
8471306295
8047931562
8320179645
8342017695
8569312704
8936250147
8267314590
8921630754
8543267109
8651237904
8925063147
8795160234
8972346051
8012375946
8152493607
8476032591
8562479103
8409735261
8916340275
8036492751
8751623940
8653402719
8345091726
8659134072
8057219643
8931625470
8174590362
8572914360
8371569402
8301597642
8561793420
8165432790
8123796450
8512473690
8701356942
8215467093
8479326501
8429516037
8914705623
8672145390
8016459327
8513297460
8037156942
8132049765
8953674120
8207156349
8264319075
8249317056
8509326471
8102975364
8102397564
8791643205
8450123967
8760524391
8591036274
8170692534
8941706235
8673150924
8946735201
8346590712
8671243905
8275019436
8539160427
8743950261
8260493571
8974150236
8672051349
8293571604
8740351692
8263495017
8062574913
8504239167
8043916572
8745306912
8129647053
8210935647
8523140769
8435167029
8902351476
8721394065
8532097614
8301452769
8145362079
8961703452
8396240517
8302145967
8497235016
8129364075
8647019532
8231746095
8691753024
8571296403
8925164037
8067194253
8107426953
8719036254
8495376210
8065149723
8743159620
8631057249
8176453290
8472503619
8746352091
8934107562
8075341629
8502693147
8954017236
8430796521
8354976201
8617253904
8547901623
8423915706
8560294713
8135769402
8476120593
8013679452
8237051496
8540379621
8651739402
8246953710
8962045317
8913072654
8102673945
8410672359
8632175409
8053942176
8425379106
8965720314
8712965034
8054392671
8267150493
8143952760
8251934607
8560319247
8471560392
8104963725
8037462951
8536401927
8327045961
8291654037
8496072153
8925061734
8403217596
8793251640
8031679245
8467315920
8457301269
8732091654
8270513946
8367059124
8471309265
8952140763
8325194760
8471032965
8614052937
8270435169
8250796143
8217695304
8027619453
8067431259
8051632497
8762435109
8547963201
8513946702
8067935412
8310795426
8054319627
8754231069
8503972641
8503974216
8130724965
8120975634
8214960735
8940376251
8134257609
8071352496
8936547012
8271453690
8461703259
8401562973
8120346975
8246735901
8073952164
8159473026
8465320179
8295603714
8963124057
8206594137
8905216473
8490673251
8679532041
8596023714
8019235674
8765342910
8359412706
8054269173
8012479653
8532607149
8530764291
8924715630
8691247350
8402956731
8963150742
8345261790
8032641579
8276394051
8705329614
8256309714
8450623179
8702319546
8923065147
8016579423
8237645190
8169274053
8691240735
8742539061
8452607391
8943106527
8267953041
8167935042
8710329564
8601249573
8520146379
8953642071
8374526901
8560127943
8159367402
8506274319
8793415260
8261753940
8976234105
8173246905
8724503691
8379015462
8027195643
8537409162
8925167403
8021694537
8209541367
8375124960
8479126503
8502167394
8201657439
8230956417
8290173645
8312046597
8097215643
8362704195
8913652470
8170392654
8016325479
8302659471
8456109723
8732496105
8319247650
8312504796
8709234561
8357960412
8157390426
8652103974
8104527936
8024361975
8367095214
8964317502
8715042369
8546130792
8240756193
8753614290
8137649052
8951420367
8976521340
8394052176
8970654213
8453972016
8923564107
8730154296
8704695213
8473920165
8752430691
8306951472
8273654091
8295137406
8412659037
8657210934
8365941027
8921753460
8462170953
8046179352
8036259174
8794516203
8571234096
8427391560
8927546031
8967321045
8137654029
8972134506
8167203549
8216530479
8649253170
8132407956
8064295731
8752043169
8031249765
8729156403
8932145076
8513047692
8729560431
8691725403
8931627054
8176940532
8345096721
8275493160
8530624719
8765319042
8017523496
8049732165
8379501246
8250416973
8231094675
8207153469
8925304671
8704562931
8073541962
8932756014
8972410536
8409271635
8704631592
8294016573
8470619532
8061745932
8604719532
8613095247
8640175293
8419206537
8360945712
8461720935
8104395627
8605932471
8214705369
8475693012
8921453670
8506421793
8975130264
8476395021
8574069213
8407516239
8504936271
8976410523
8513064279
8216754903
8906213547
8643150297
8471526039
8265913074
8672194530
8713295406
8679214350
8240917653
8371409265
8407639512
8725930416
8071349625
8721930546
8231704659
8963542017
8169743520
8162394705
8593746021
8530629417
8201365497
8026739514
8039174652
8925047361
8394256701
8215476930
8624793510
8071295436
8526407193
8715634290
8597243610
8792504613
8617932045
8561902347
8972405631
8650271493
8237695401
8725340691
8914206753
8097264153
8103764529
8153467209
8475093216
8216537940
8790352164
8095673124
8324917560
8319620475
8074326195
8130594762
8324567901
8610794235
8240573196
8472361950
8342605791
8541907362
8305769214
8702519364
8123754609
8601247395
8042379165
8975216403
8935207461
8512493607
8620571439
8693741052
8243510769
8279531064
8394602175
8069321457
8472650931
8365142790
8926014375
8459230617
8097521364
8674093512
8634529710
8167294035
8356170429
8945071263
8203197645
8463107925
8612530794
8714239605
8034271695
8615730942
8516340972
8593701246
8172956043
8659247301
8609472513
8352071694
8623407519
8741639250
8471603295
8924607351
8679320541
8261754930
8924015376
8076531942
8360754219
8607459213
8306915472
8457029136
8174952630
8691307254
8123605497
8796210453
8051342976
8105436279
8537041629
8459106273
8016495273
8571046329
8342715960
8095237614
8695417203
8230419567
8104372596
8952714063
8103429567
8145032967
8450932671
8201534967
8150264937
8340926517
8546190237
8762304519
8209654713
8203419756
8039754261
8532709164
8153946720
8415297306
8134796502
8123546970
8129650437
8374026951
8576412039
8354679102
8425690317
8179256403
8056347219
8620351947
8543697102
8562049317
8301526974
8143269075
8570963214
8429051763
8654109237
8405729316
8135097246
8906514327
8463172950
8431972560
8079231654
8762490315
8561230497
8296147035
8097461253
8967432051
8253407691
8209136475
8402563791
8651940237
8136479205
8179062435
8702319465
8964503172
8169205374
8219374056
8769034512
8069741235
8790231456
8364701259
8254197603
8392074165
8319526074
8714205369
8937025461
8306597412
8496753012
8519407326
8091752436
8921364507
8349725601
8051639427
8367150429
8609742135
8056237914
8795403162
8024195736
8065493217
8734160592
8074269531
8504961732
8794361520
8934261750
8361549270
8461039257
8316479025
8213547690
8529310647
8314970256
8937246510
8917624503
8901247365
8472396051
8675931420
8409625371
8431569720
8129574603
8179425603
8516049732
8524917360
8760543291
8539164207
8560147923
8763209541
8310975264
8547036129
8549720613
8390412756
8312749605
8765294103
8347516920
8250749361
8295167340
8579042361
8957340621
8096534127
8093265471
8936501724
8410372695
8469732150
8925640731
8304657912
8607239541
8732459016
8709245163
8023976451
8069512374
8903672145
8572064391
8957162304
8195067342
8319420675
8697342051
8256947031
8591074362
8351294760
8469120375
8910652734
8910245736
8036417529
8563491720
8069752413
8315492067
8907235146
8530294176
8761493052
8619205374
8902176435
8052914763
8742531069
8561094372
8429730165
8201763594
8154372960
8305167942
8629431075
8902671435
8792640135
8415602793
8079512346
8569231470
8214957360
8560429317
8023756914
8241035697
8312976405
8945760123
8201675439
8461930257
8367415290
8650271394
8071932645
8510963742
8217653049
8276034159
8703549216
8643950127
8430571962
8329567140
8126305749
8067123945
8104569237
8590436172
8609137542
8324105796
8345602197
8071429356
8475261390
8630971425
8497362105
8579421036
8120563749
8193270645
8761023945
8513672904
8416273590
8072659314
8941026753
8920641537
8920347156
8056341297
8172096453
8057349126
8257934061
8352691704
8950274136
8096432751
8475906213
8542019736
8792135460
8529671430
8194625703
8503241679
8734621059
8516307249
8904713526
8634290517
8054637291
8536790241
8734690521
8071264593
8271369054
8321597640
8694201573
8923564017
8527194306
8326019475
8309742156
8907421356
8243051967
8126397540
8023495671
8632741059
8534210769
8237045691
8902716345
8597402316
8541263097
8479153206
8290465317
8536920471
8451307962
8730124569
8216507439
8645371092
8764039215
8374290516
8692540731
8271346509
8312569407
8471693205
8634152970
8701932465
8013792645
8154792630
8053269147
8150672943
8046537921
8235904176
8016345297
8573094216
8201957364
8130762954
8472039156
8607395241
8736502914
8652109743
8412975306
8126453079
8924137056
8260154397
8607192543
8451930762
8573921046
8365017294
8652014379
8572916043
8736952410
8697203154
8039546271
8240756193
8023196475
8471369502
8973056214
8346052917
8401639527
8627913045
8741306952
8260371459
8712950643
8639051724
8640195327
8521437906
8496301275
8407652391
8046793512
8527069341
8503761492
8267539140
8451693720
8916524307
8673045912
8692374105
8052179643
8560291734
8720413965
8726534910
8294135067
8340795216
8156307942
8347951620
8042693715
8397120456
8495071263
8371594206
8076254391
8537246190
8506739142
8591607432
8653019742
8967013524
8061594327
8406139752
8514023697
8095247163
8273410956
8319740562
8923567401
8579316024
8935102476
8759431260
8075369241
8576029314
8546971023
8157309426
8304596217
8791326045
8103692547
8274356019
8702513964
8214560793
8603142579
8930126475
8613720459
8042163975
8940231756
8013642975
8376452109
8096342751
8127936504
8694205713
8024635179
8516792403
8362175409
8742156390
8153726049
8561432790
8294036715
8125607394
8961057432
8205497316
8205346179
8201739456
8934215607
8475139206
8731950624
8965201374
8271604359
8194350726
8596203174
8462501793
8143625097
8135046279
8216049753
8061759342
8150697432
8247510396
8036429715
8436097251
8104356972
8923514706
8390765142
8963721405
8521743609
8947032516
8910273564
8243071695
8749306215
8072359164
8374596210
8230951476
8396714502
8305921647
8154730926
8765903142
8971534620
8645023791
8590417326
8329710465
8705169342
8564912703
8043279156
8372605419
8217940536
8764590132
8320957146
8456037219
8371405926
8567942103
8345067219
8307954621
8725930461
8573901264
8026534791
8426195730
8745239160
8320746159
8971543026
8596047132
8237061954
8476391205
8960154327
8241960735
8974632501
8647015329
8391674052
8972045316
8073912564
8364075219
8503972164
8750496213
8435721960
8719542603
8973461250
8230645917
8420631759
8904732156
8761453092
8015947326
8172034596
8654102793
8625470139
8705932461
8971520436
8697543120
8927561043
8054173926
8174206593
8169423057
8379412065
8295637041
8471923506
8310296574
8239605417
8932604715
8749601532
8134752609
8469125370
8504193762
8105239764
8163254790
8156207394
8497053162
8726015943
8746139205
8420716359
8470923165
8416793052
8731465920
8913076425
8936425107
8329450617
8360795142
8403195672
8269751403
8092176543
8197420356
8306945721
8476915230
8703125946
8345127690
8946751203
8093726145
8740219536
8293016475
8792150346
8903165247
8209154736
8492763510
8205174369
8573041692
8405173269
8629415370
8673154092
8730156942
8936027451
8025913764
8576432910
8704931625
8469752310
8370529164
8764290135
8642701395
8951432076
8762913054
8693572104
8756930421
8563792014
8549372106
8095762431
8452967013
8756932041
8956012347
8274610935
8957021436
8364570219
8175293064
8563740129
8435026791
8759342160
8974510236
8652401397
8235904716
8137504296
8901642537
8019276543
8524679130
8720516439
8175902364
8032946571
8453612790
8472160593
8375462901
8051936247
8075631249
8456029731
8605934217
8603125497
8723450196
8719054362
8105362497
8570216934
8279136405
8426957013
8093514276
8639720451
8357126940
8274613905
8206739451
8765123490
8952064137
8145230679
8571236049
8329067451
8364129750
8604129735
8392150674
8690531742
8357614902
8975106243
8401629357
8259701436
8629415307
8560341729
8574103269
8970241365
8790634521
8473265019
8415697203
8960432175
8913045276
8035296714
8160472395
8254793016
8963250714
8127940635
8960534127
8230145976
8574023619
8540692713
8694157302
8412093765
8549270613
8476329051
8360179524
8042563197
8102596437
8157029364
8423609751
8403679251
8169247503
8327150496
8403526719
8450361729
8961304257
8120534796
8450963127
8926310457
8502437196
8607941253
8926345107
8261547039
8195703264
8570426931
8179502643
8147926305
8601759324
8612407359
8340519672
8309674251
8097253164
8362145970
8690234517
8416957302
8916275043
8952360417
8903726541
8523679014
8954072136
8063179425
8163470952
8295074631
8670215394
8132756904
8910473652
8127490653
8105942367
8491365027
8231945670
8769302154
8692035147
8291750346
8541397062
8129734605
8093641572
8067354192
8173920654
8493570126
8975162304
8652340719
8571029643
8456930172
8690342751
8930627145
8453107629
8214675930
8592617304
8917035426
8619704325
8425390617
8420691573
8360942715
8304651279
8473021956
8790541362
8604925713
8504739612
8420139675
8617305492
8390452671
8314076925
8425137690
8031952674
8415923760
8126034597
8520613479
8321607945
8647051239
8603745912
8936407251
8764350192
8701943652
8519362704
8129670345
8431650297
8425017693
8614057932
8256371904
8691024357
8760329514
8209435761
8790125364
8453179260
8520643179
8519632470
8517423906
8365124790
8503491627
8103652947
8509263714
8917256034
8297035614
8015692374
8457260193
8610792354
8170639245
8456730291
8746920135
8021769354
8214096537
8315027964
8435096721
8569417302
8317495026
8435702961
8625037941
8257340916
8694127350
8295136470
8621097354
8297604153
8912350746
8603529714
8095276431
8194056273
8107495632
8275136094
8926417305
8053172649
8690413527
8390527461
8375190624
8107239465
8342016597
8613902457
8065713942
8947321056
8937625140
8163427059
8391420675
8945723610
8670534912
8526309714
8916472035
8267941530
8570692341
8901652473
8409265137
8172036495
8973145602
8302697451
8645701293
8470912365
8106942753
8902341576
8496103275
8690173524
8531642970
8092754631
8625917304
8062935174
8709632514
8319506724
8023916574
8469231570
8324076159
8729106453
8672419503
8073291546
8436921705
8510239746
8235169407
8741269503
8721694305
8921753064
8932716450
8302179645
8043596712
8964701235
8721659304
8695027143
8429603751
8973042516
8026547931
8219376450
8250341976
8341769052
8903172546
8539217640
8216490375
8476029315
8936275014
8591237604
8902375146
8570123496
8902176534
8761592403
8546130972
8436107592
8561793024
8269135074
8604723159
8324906751
8214739506
8136472059
8679014235
8253704961
8690432571
8739406521
8964203751
8965172340
8612950734
8095764213
8647102539
8540937612
8172930654
8764105329
8109754326
8379264015
8739021465
8501429763
8263571094
8563947120
8092635174
8250463971
8047325196
8751309246
8567320914
8271695043
8362917045
8903241675
8340159627
8407516392
8105732469
8412593706
8174562903
8634915027
8632407195
8453270916
8571620394
8249365017
8974035261
8709453612
8259670413
8647915302
8703492165
8604913752
8219076354
8901254763
8491265307
8562790431
8934502167
8324507916
8067159324
8274693105
8462907315
8127905436
8754960321
8061735294
8793412065
8291476035
8310672594
8375941026
8104693275
8142093756
8034519726
8342907516
8531407692
8074153926
8946132705
8346120957
8520931764
8374602519
8453160297
8326975410
8192374065
8056741293
8546291703
8902761534
8546903721
8365124709
8563179042
8962743510
8073192465
8401962735
8903471526
8905312764
8046157329
8059473261
8916457023
8120543976
8104632975
8143506729
8724503961
8260319457
8376592104
8391476250
8036147295
8691240357
8235146790
8327590614
8241376950
8523710496
8023495617
8726013594
8021354976
8167452093
8769410523
8912456037
8613270549
8249617053
8146527309
8365924071
8015637429
8631750924
8461052397
8106923754
8739015246
8764250931
8764231059
8295714063
8536974102
8234197506
8549137602
8620451973
8397012546
8763549210
8497160523
8526074319
8920657143
8694170253
8574960123
8709312564
8205671349
8329615074
8479251360
8602971435
8379504216
8401952763
8469275130
8923154607
8357291046
8065413792
8459213076
8063972145
8370569412
8493076512
8419270356
8149503762
8109256437
8017934526
8417653290
8430679512
8365047129
8396425710
8910542736
8124963570
8643795210
8912576430
8624715903
8793416025
8417052396
8520941736
8906417352
8071539264
8639715042
8609421753
8436157092
8702153946
8632195740
8019346572
8209514367
8359067142
8362950741
8352467910
8960713254
8742530916
8192306457
8652103794
8916753402
8126950743
8450169327
8794362105
8564120739
8761230954
8413075629
8901347652
8615309427
8317926054
8953172460
8490715263
8524176309
8073254691
8736259014
8590621743
8907624351
8952603174
8017495326
8097164253
8956720143
8304916725
8793051624
8109542637
8462531790
8143509627
8207456319
8674059213
8263504791
8167295304
8904326715
8514692370
8759410263
8421796305
8379106254
8465021397
8290157643
8193027564
8639240715
8512347960
8473691205
8620754931
8260573491
8437296510
8420593176
8421369750
8469271503
8746950132
8416259370
8307926451
8517493026
8031259746
8309127465
8927415306
8952170436
8451932670
8435709261
8915642370
8395710426
8973104526
8074352619
8432597061
8174652093
8679410325
8059136274
8402719653
8620953417
8460129753
8973514206
8145072369
8762049513
8059624173
8273451906
8461975023
8591604273
8957130246
8731526490
8347602159
8243067951
8435621907
8271690345
8237516940
8317529640
8516349072
8730196524
8537621049
8425361907
8764139205
8395670412
8042593176
8362954710
8190265743
8035127649
8743291056
8974360512
8947153026
8193624570
8710236459
8650324719
8964273051
8324019567
8962301754
8350129467
8143657902
8954637201
8524160397
8406295371
8041627539
8643712905
8167452930
8619407532
8136740592
8526190374
8473295601
8372149065
8139640725
8491572603
8197263045
8159367240
8631209547
8269147530
8642175093
8567012394
8690524173
8521406397
8496710523
8974125306
8504217693
8492316075
8027534619
8430567921
8904375126
8574963102
8976512034
8601275349
8062935741
8139507462
8461205973
8024573961
8953142607
8745910263
8374291506
8204519367
8401952637
8321754690
8971263540
8649201573
8305672194
8951047623
8015493672
8579164320
8349017562
8235096147
8613420957
8642319750
8615370429
8546139270
8351724906
8321657490
8690175243
8741506293
8431920576
8097213654
8065179423
8349175206
8126903547
8523164790
8153026479
8956403127
8473215690
8907536214
8610743592
8279034615
8245310796
8631597204
8193425607
8513742960
8690524731
8395046712
8413790562
8543967012
8946502731
8763054129
8962147503
8621597043
8356920147
8149053726
8625403719
8437915602
8273651409
8917230546
8375269140
8105937264
8937152604
8671923405
8046213579
8503192746
8172430569
8375209146
8207364591
8296304175
8124037956
8952470136
8471062953
8036527194
8169702435
8167945230
8925074361
8326571409
8793610425
8036927451
8261490357
8264790135
8720945361
8615209473
8675932014
8345126709
8194725306
8092645317
8130954276
8621934057
8526037419
8650129473
8325469710
8251674903
8106925347
8902547361
8910256437
8256910374
8694017532
8375690214
8294371650
8653412097
8071254369
8916235470
8607159324
8579603142
8529604731
8951367204
8325146970
8230746591
8903174526
8609175423
8931647205
8724310695
8675230419
8135760249
8645372901
8761495023
8047516392
8316905427
8023197564
8170934625
8962341705
8072916345
8179625403
8170692345
8659724013
8250361794
8431250967
8765921430
8967510243
8947513620
8697341205
8041657932
8264571309
8012976435
8961532047
8975312406
8149062573
8326719540
8147325096
8307592146
8135629470
8307462915
8539214706
8215947630
8920715346
8701935264
8432791065
8021976453
8319405627
8637214095
8621073594
8037694152
8143209675
8762549301
8214735690
8452670913
8506312947
8901573624
8652071394
8597230146
8357604219
8493701562
8452397610
8603951247
8435129076
8402516973
8130745629
8596314270
8391740652
8467351290
8057231496
8461273095
8526741039
8364520917
8357904612
8264579013
8291536047
8457039216
8539641702
8914706235
8920436715
8247396051
8156429703
8015962437
8231756094
8192750436
8251947603
8701365924
8413902657
8529067314
8512360749
8476025931
8274130569
8132765409
8132047569
8140925367
8635279410
8430716952
8761493250
8432591760
8524176309
8596201437
8943762501
8173026549
8365012749
8724361095
8631490275
8206154739
8154709362
8390645172
8023497165
8462579031
8513792604
8319547602
8769541023
8026431759
8175039264
8420639157
8945017263
8057369142
8953614072
8751634029
8305714629
8712905463
8210534796
8134509627
8506279134
8073195426
8705463192
8390627145
8063921457
8976520143
8930152467
8715602493
8370614952
8150463792
8016452937
8914652370
8153706924
8602539147
8370659124
8965437210
8415273960
8731960452
8095264317
8134027569
8602479153
8345912607
8305471269
8203794156
8960123745
8107596243
8345926710
8260531947
8240617593
8302469175
8972345601
8136290457
8476092135
8160543279
8016345729
8924371065
8347901256
8456301297
8375694021
8491037526
8720154396
8517624930
8905617342
8016379245
8952671403
8419703526
8932640157
8352960147
8045126937
8501927643
8093256471
8165740923
8745396120
8702591463
8279046135
8673102495
8946175032
8967250431
8793601452
8731604295
8935617240
8340912657
8690325471
8269701453
8705236941
8354021697
8974250631
8793156420
8120475963
8570491632
8493061572
8271903654
8360542917
8064937521
8310926547
8706342195
8754362910
8926705314
8674512390
8149657032
8921043675
8031542976
8023641957
8427951063
8950736412
8791450362
8134920576
8146372905
8456719230
8240597631
8391246057
8907452613
8932450761
8063547291
8701924563
8627534109
8294651370
8697015423
8904625317
8591604273
8614035297
8295367014
8123074659
8310956724
8401753296
8194257360
8317952064
8019356724
8253790461
8056931427
8516324097
8731564209
8765041239
8327910654
8264753190
8290367145
8350167924
8726431905
8512643790
8294751360
8675109324
8927546130
8596417203
8324795601
8207135694
8543019762
8349570216
8062394517
8736450192
8124790635
8623159047
8970234615
8193207645
8751024936
8129635704
8261734059
8692071345
8723140695
8192750643
8140327956
8701425963
8156297304
8934071256
8521960734
8210765934
8276359410
8712904635
8204571639
8157062439
8963507412
8305416279
8912437056
8470569132
8219354076
8593467210
8306415927
8764591302
8209375416
8267319405
8254701693
8791063425
8042715963
8407592316
8401236795
8352961074
8197463502
8465702913
8691254037
8275019346
8512643097
8504712396
8217904635
8204169753
8930167452
8346197052
8207461359
8052743691
8726350914
8314975620
8095327461
8169372045
8562940371
8601493527
8392604715
8956034172
8471296305
8304257619
8413725096
8130972465
8624571039
8129435706
8951273604
8409312756
8197203456
8246930517
8430571962
8359742016
8041563279
8495723061
8410273956
8920467315
8064215793
8204197563
8473601925
8745091623
8461372950
8372164950
8136729540
8601439257
8351247069
8241537960
8571063294
8063942571
8024379651
8701346295
8702645913
8520741963
8239046175
8419306527
8943150762
8924536701
8142356790
8729043165
8725041639
8539721064
8791420635
8931576402
8270945316
8624319750
8325601749
8254176039
8072649315
8365079124
8756042193
8407591263
8695104372
8471526390
8175263904
8013279465
8937526104
8260759314
8364527091
8153674209
8735124690
8214769350
8396457120
8390246751
8629507314
8732410965
8120345976
8715340629
8053769142
8910753246
8217503946
8514039276
8937214065
8942063571
8936450217
8715490623
8164092357
8256047931
8459721630
8562304179
8697423105
8396175402
8603914752
8420537691
8319462507
8562103479
8095264137
8240567391
8519627430
8321054967
8605714932
8357914602
8013694257
8760512943
8729364150
8641279350
8234560197
8635107429
8176934250
8376520491
8064725913
8231746059
8365129704
8372416095
8613705942
8634251079
8923057461
8432576091
8347512069
8914023657
8150274936
8540967231
8102973465
8239651047
8540762913
8314697502
8605743921
8579142306
8569304721
8271653904
8692504317
8925074631
8064179253
8927045361
8106243597
8561307942
8502639174
8095326714
8910263754
8235714906
8925014376
8732509416
8395402761
8039657214
8615240379
8016479253
8376549120
8931645702
8274593160
8651924037
8146095372
8635740912
8619472305
8947051236
8632549107
8092674531
8235049671
8730516492
8617925403
8915670234
8164925037
8253914706
8702439516
8351469207
8590612437
8076392541
8245176093
8560271493
8750396142
8549610237
8546273910
8243907165
8029461375
8954703126
8123569470
8361290754
8351629470
8037621954
8530179246
8231479605
8473901526
8972460153
8125934076
8356012749
8270961435
8027546931
8460175923
8706924531
8291740365
8594713260
8950372416
8072314569
8391752460
8175296403
8479261530
8249150376
8049317625
8210596743
8756419320
8074963521
8962173054
8910732465
8325074916
8245379610
8724601953
8549631027
8612093457
8536749120
8794130256
8732091654
8719605342
8465729301
8047563129
8620759341
8016374592
8913406572
8314290576
8506329741
8570231469
8305916742
8136407295
8104596723
8147056239
8024519673
8376095412
8064957312
8201439756
8527163490
8452061937
8726513049
8016957342
8365470129
8619402375
8369524710
8791406523
8357209641
8265401793
8160957342
8264510739
8142765093
8654791032
8394706125
8695042731
8960517342
8106952347
8364759120
8792164053
8401635972
8610493527
8235046179
8603195742
8012697534
8045172369
8942561370
8690257341
8145639207
8906154273
8217035964
8259413067
8021794356
8093521647
8094725613
8306497251
8613549072
8309267154
8215064739
8514926037
8359162407
8439051627
8163240759
8274305619
8493076125
8642913570
8973264501
8607354912
8142756309
8962531470
8053964217
8290753614
8619325074
8732905146
8695017324
8367914250
8516043972
8049513762
8697301452
8417392650
8702619435
8239104657
8372460519
8512407693
8391564702
8639705241
8642539710
8912674035
8527160934
8709154263
8460357921
8410653792
8530741296
8691342570
8397650214
8903645271
8647501329
8430529671
8650439172
8270936145
8457136290
8637015294
8965310472
8759612304
8629357401
8793405126
8169752403
8327504169
8720946135
8642731950
8432095671
8501672349
8762493150
8261374059
8461350972
8253167490
8267413059
8469132057
8615397240
8456197203
8574621093
