9481625307
9768354102
9460571238
9853026714
9176534802
9058427316
9187062354
9063851274
9150268473
9508723164
9372140685
9720581436
9843275601
9018623547
9241605873
9432165780
9538720164
9406358217
9605147328
9246305781
9037841256
9426371508
9708314625
9841620753
9124703856
9073642851
9063245178
9420781536
9687534021
9506324817
9186507243
9578413062
9750261483
9184625307
9807346125
9786243015
9836021457
9572361804
9605714328
9824756103
9073648125
9364251780
9730462581
9642817035
9825604731
9182657034
9075328416
9410723856
9240873651
9708253461
9682751340
9170248635
9472583061
9762541083
9310658427
9045167823
9546073812
9258610437
9203864517
9105278463
9825367014
9760438215
9481675302
9378412506
9264703815
9614780352
9405213867
9842630517
9631570824
9287361540
9243768510
9382765140
9128470356
9073158246
9235740618
9652801734
9476132580
9824513706
9583462071
9150327648
9468521073
9315408672
9374568012
9613708524
9837615240
9408123576
9128056473
9753628140
9723158640
9402187365
9162503784
9746320851
9418635207
9801562734
9314826507
9074862531
9718240536
9635027184
9634751280
9623051748
9724086153
9531207846
9523640781
9705436128
9567204381
9632841570
9241650387
9041625738
9273105486
9483516027
9348501762
9683504127
9105768342
9576310842
9870542361
9476081532
9568401732
9254031768
9275341086
9523614708
9782354106
9251437860
9342056817
9173862054
9835720641
9420615783
9461035827
9653841072
9075413268
9674218305
9761345280
9475803621
9340278156
9615438207
9750384162
9703648521
9435180726
9276158430
9462783051
9162503487
9136208547
9653014278
9261543870
9340127685
9753240861
9275148360
9748021635
9074815236
9475281306
9730258416
9376215048
9320617458
9752103684
9648107325
9825130746
9650147823
9820573461
9407621835
9876210345
9156827304
9732158406
9364120785
9648705123
9743062851
9457201863
9638104527
9152083476
9085714632
9182463057
9167352480
9518470326
9384710652
9381452607
9321876045
9720184653
9140865327
9781430625
9752406813
9871034625
9634571280
9456137280
9621730458
9865437021
9268471350
9130487625
9128675430
9528417063
9376401852
9307261584
9013284675
9673245108
9063845172
9602348571
9360721458
9061482573
9203586471
9208517346
9710542836
9483250176
9075368412
9452317806
9483670512
9416203578
9402163578
9741605832
9374025618
9560721384
9784631052
9751603824
9175340826
9702416853
9620571834
9216450873
9015672348
9458321760
9481537062
9381045276
9427651803
9826074135
9345860172
9473825601
9238560147
9750346281
9725048613
9084723561
9205846173
9062584317
9476123085
9143862705
9785461032
9261078435
9017584263
9801524367
9651073842
9042751836
9658231047
9456032871
9608752134
9562140387
9136740528
9367542801
9241306857
9260145387
9751023648
9706254813
9084153726
9321857604
9428537610
9813265704
9041768352
9573826041
9765024831
9234508617
9586274031
9154372680
9253670841
9450832716
9316250784
9034257168
9748036521
9576843012
9852463701
9032564871
9543802617
9450682371
9302468517
9072183645
9087452316
9472635180
9374582610
9327465801
9024135867
9825406173
9320674581
9460137582
9846315072
9016875234
9312486507
9547832016
9136485702
9126708435
9714638520
9472016583
9354108276
9172385604
9014827356
9653728401
9230781645
9325164078
9248063751
9025861437
9876410325
9375204186
9062731845
9015862473
9215074638
9068457123
9035816274
9628734150
9506127438
9827130645
9216380754
9481570623
9564073281
9210367854
9170546832
9807415263
9578032641
9714605832
9623710485
9308421765
9630754182
9328105647
9256304871
9351068472
9652478031
9650142837
9572684013
9534621087
9287413065
9635128740
9410587362
9437806152
9134280567
9021456837
9187603245
9381425706
9241850637
9487613250
9143576280
9148276530
9574180263
9560421837
9804613572
9481037526
9726154380
9325167804
9124680375
9561237048
9273165408
9021457863
9137580462
9078432516
9576342810
9153240768
9173452680
9703815642
9756014283
9305286741
9215046738
9625378410
9278314506
9728615340
9520476381
9417625083
9573826041
9204376158
9548621307
9601285437
9716850432
9506478132
9735601284
9680251437
9350728146
9718430256
9076132458
9306512874
9367180245
9421835076
9536417280
9853124760
9765124038
9832105467
9568014237
9517603248
9027185436
9024153687
9163450278
9265714038
9537264018
9285104763
9864723105
9801357624
9083526147
9047658213
9315672840
9803126547
9678324051
9452081376
9435076821
9642378105
9356482071
9687053214
9735206481
9478201365
9182370546
9864237150
9637240185
9041765382
9812750364
9235460718
9826453170
9537621084
9574028361
9631780425
9672031548
9601234785
9428651370
9432051867
9238641507
9167523840
9135768240
9381267045
9203758416
9348620517
9018354267
9714523860
9017358462
9180542637
9621748503
9106758432
9802147365
9470263581
9251306784
9541682307
9764031258
9782356041
9360275481
9516247083
9546701328
9852106374
9052184376
9685123047
9713058642
9635804712
9862573041
9571260483
9672314058
9426105873
9123574608
9432506187
9742163508
9530246718
9023174685
9461583072
9546127038
9015628734
9142605387
9078461523
9386214075
9641052783
9041825736
9467152083
9376842105
9320468751
9534620718
9274806135
9502634781
9046581327
9653417208
9623571804
9521643807
9135720846
9326715480
9217435806
9168247053
9640531278
9136578240
9174652830
9534608271
9328510467
9507384621
9367021548
9086345721
9725683140
9653280417
9215078346
9385142067
9168402573
9451368207
9584236701
9023485617
9285041763
9062875134
9354786012
9718453026
9750631428
9623580147
9351462780
9876502341
9764821053
9154208367
9745386021
9701425863
9083471265
9230851746
9703685421
9741532806
9542318706
9856743201
9820615473
9732406851
9312458706
9563018247
9428736510
9832076514
9517304286
9875260314
9312045768
9728543016
9452837106
9124685730
9652148307
9416803275
9678413025
9630417258
9461708253
9874521630
9241836057
9385160742
9457302681
9087562134
9328104567
9206413857
9457128036
9146725083
9847510362
9451078326
9325417680
9410765238
9062178435
9741826305
9584731620
9701354628
9157320486
9142358706
9134578620
9148370526
9307154862
9371254068
9430157862
9148035672
9675243180
9048527631
9536081724
9342150678
9584621703
9628741305
9630278145
9075621834
9510378462
9514837206
9521607843
9602458713
9607834152
9152830764
9468072153
9275648310
9058312674
9582307461
9780536412
9728163504
9706152483
9734806215
9507382164
9738201546
9182476350
9081643527
9136824570
9724653018
9501726348
9206831457
9248105367
9086132745
9681075243
9678105423
9083621475
9704352168
9410352867
9270148563
9104827635
9364082571
9145807326
9536421078
9472863015
9301672854
9581632704
9630418572
9365708142
9745210863
9405817236
9461087352
9431608725
9458136027
9321764085
9043281657
9327108654
9641385207
9820563471
9712864503
9371864250
9673821054
9304617528
9580147236
9872165043
9213806574
9028415376
9168072453
9216845370
9870513462
9456237081
9756834120
9563412780
9417203685
9371068524
9624138507
9736045821
9172068453
9103478256
9023718654
9075216348
9601234758
9760813254
9762105348
9670235841
9847302651
9315270648
9124765308
9306285147
9042365718
9608321754
9705124863
9236751408
9014278536
9604781523
9486375012
9437561802
9438760521
9037168524
9643817205
9685120473
9468307251
9320184675
9167235408
9804153276
9052176384
9821740536
9260785341
9725813406
9130827546
9830715642
9378420561
9016248537
9502431678
9208547361
9260871453
9487213650
9470831526
9025381746
9648017253
9483107562
9183602754
9052714863
9837465210
9425713860
9210763485
9056423871
9647201853
9820361745
9206734581
9726134850
9081253674
9045618327
9361058427
9768204513
9625071348
9167824035
9751863402
9302586471
9827146053
9731280654
9358674012
9735684012
9235467801
9315247086
9750342816
9314560827
9053781264
9183265740
9342150768
9637028451
9072184635
9538421706
9256710438
9274806135
9634215087
9412670538
9412675038
9427315068
9275318046
9540138267
9452601378
9283764105
9640213758
9815723406
9621405378
9684321075
9240165378
9741832506
9621045783
9608243751
9160435782
9172408536
9256801437
9504631287
9758360214
9763520184
9436287510
9487052361
9035248167
9581067423
9237654810
9251364078
9487625031
9453816270
9821760435
9162530487
9823406517
9043167285
9263475081
9123658074
9218437650
9167485320
9126504738
9856734021
9735281046
9783201546
9876430521
9842601753
9125870364
9643125870
9357014682
9470135286
9532608471
9650271843
9785406123
9145708623
9012637458
9632517048
9108624537
9071826543
9586732140
9206475183
9184023567
9380745162
9718534206
9284061375
9781260435
9607183542
9753682410
9842613075
9573841260
9058716423
9163870245
9465072381
9172348560
9570382641
9701682354
9682510734
9058643172
9531427860
9624751308
9637845021
9754281306
9107468532
9745286130
9035187264
9685301742
9251708463
9748206315
9013527846
9014258736
9851024637
9614738250
9108256734
9801425763
9548627103
9823745160
9761243850
9017862453
9605278431
9627350418
9071456832
9542716308
9136248075
9832710564
9058167324
9560183742
9134785026
9345817026
9325706814
9374085621
9385416720
9783245016
9123075486
9314602857
9831427056
9726413580
9847210635
9182357406
9082731456
9630875412
9125068734
9284315760
9517346802
9134857620
9842015736
9054783612
9832561407
9031456782
9670382145
9180572364
9236480715
9837156420
9150426378
9782135640
9520638417
9268130547
9704256831
9641087325
9468130257
9617350428
9054186327
9306452187
9342576810
9345862701
9631748205
9318754062
9402573186
9072853614
9501428736
9206153874
9462173850
9041523768
9458607321
9263570481
9280365714
9832157046
9063215847
9134026785
9235786401
9263470815
9862417035
9652108743
9651038274
9127046835
9173265408
9612384075
9601547823
9728610543
9167283405
9341250867
9613845072
9420576381
9620743581
9160784253
9275061438
9584630712
9361250748
9183425067
9784613520
9375641208
9451786203
9054271638
9832764150
9746038512
9814076235
9267530481
9520317846
9280347615
9253406718
9401375682
9875146203
9163827045
9463085217
9782350614
9710856324
9172630548
9815064273
9215674830
9764352810
9741238560
9854312067
9786423510
9508174623
9512064378
9547813260
9581706423
9201385476
9734652810
9870352461
9380472165
9632108754
9831764052
9845620173
9651428037
9650384217
9576023148
9108345672
9035871642
9214650378
9512860743
9738645201
9361527804
9853720461
9253761804
9657013428
9805476312
9532016784
9762384015
9074856312
9562813704
9286157034
9487650321
9675132480
9801437562
9371865204
9658324071
9613082547
9713865024
9780534216
9068257134
9260847153
9120376854
9604152873
9705486312
9318457602
9832570416
9524186703
9841576203
9154627380
9240358671
9450613782
9617204583
9126340785
9160742583
9260748513
9418752036
9760184352
9385460721
9046182735
9510368274
9836540721
9520781346
9357806421
9871624350
9174352608
9052371864
9863174205
9380754261
9542861307
9532874610
9180376254
9284576301
9513802647
9265718430
9071543268
9403268571
9176840523
9186403275
9068431725
9321874065
9406528371
9083157642
9847516023
9862073514
9041583762
9258467301
9584206173
9235760481
9032165784
9071324658
9420573861
9401825736
9423510786
9275186340
9635801247
9874623150
9235148607
9058642137
9421706385
9127643850
9674105238
9154032687
9031548267
9120634578
9823051467
9654203817
9367104852
9463785120
9350824167
9831407562
9328740516
9165847032
9470256318
9546103278
9678423510
9617853240
9130465728
9628470315
9521703648
9534607281
9856074123
9605783412
9085641723
9516403872
9261458730
9350487621
9154370628
9412305786
9568371042
9031724568
9714065382
9501834627
9486753102
9534786102
9603172548
9830174265
9024865371
9021654378
9073648521
9613028457
9150632784
9025874613
9804163257
9548160237
9714823506
9843510726
9138560742
9075368241
9348210675
9487130265
9726543810
9864123057
9315240867
9580126473
9052387461
9728305146
9278015463
9840136527
9821057346
9612380475
9680312574
9037418562
9218360745
9572680341
9843716025
9763421508
9301485726
9650728314
9625781304
9857620134
9154672308
9563817024
9041327658
9780246531
9031548672
9386724510
9824610375
9301824765
9087432615
9453680712
9612740835
9143572680
9634875120
9340671852
9402167853
9213504678
9078356214
9871542603
9458063712
9830547162
9385274106
9245673108
9628413750
9125803746
9478632015
9830251467
9672015348
9501826374
9874236015
9150823467
9524301768
9516827430
9418350267
9162875304
9043875216
9356072841
9581703246
9731258640
9256317048
9164320785
9801763542
9176830542
9031652874
9517038462
9015327846
9458610372
9714025683
9483160275
9657024381
9814706235
9657810432
9271508634
9216840735
9678524301
9613875420
9614752803
9512073468
9037815426
9387214056
9683215074
9630521874
9365840721
9120675438
9271645830
9672354018
9035486172
9174280563
9567814230
9746852310
9736451208
9581026734
9153784602
9701634285
9285014736
9675321804
9843157206
9045287361
9312045867
9706584132
9024367851
9651374208
9238146750
9654782103
9731684520
9716538420
9276805314
9507814623
9817503264
9180276435
9028365714
9756432801
9302716548
9285437106
9351720864
9354016278
9753601824
9872160435
9364087251
9308615724
9204175683
9570231486
9046182357
9680257413
9036547281
9347158206
9675820431
9163408572
9745286310
9740312586
9165047238
9715603824
9072831456
9468520137
9381745026
9326701485
9461237850
9473562180
9801726345
9160782345
9814756032
9147805263
9421657083
9468130275
9581340726
9405162387
9467085231
9307524618
9205631478
9721085436
9253160874
9630851724
9317428065
9031475862
9062734518
9034178526
9025846173
9258073416
9672158430
9713248560
9641830275
9543270816
9630842157
9206543178
9586702314
9381254067
9078143526
9620157348
9164038572
9476513802
9402367581
9540762381
9726048153
9864270153
9827651403
9237581406
9271503864
9281753064
9734265801
9075468123
9427681035
9073856241
9420637185
9761432580
9803175426
9103847265
9621378054
9534872601
9027583164
9781425360
9376852014
9241583067
9023685741
9216570384
9620315478
9583026714
9810425637
9507468213
9124657803
9108347526
9613405782
9267415308
9083254716
9216374058
9284370156
9037562481
9307245681
9038271645
9538620174
9613802475
9870316542
9650821437
9276843501
9518304267
9748162350
9734860512
9657082134
9725436810
9874130652
9804135627
9304721685
9654780321
9730824615
9385706421
9251473086
9584263170
9714235068
9387512064
9327164805
9506728314
9064217538
9037412865
9286134705
9038425761
9261708453
9401356278
9357806421
9402651387
9014837265
9382617054
9062351784
9746138502
9035128746
9872536104
9253180647
9137845062
9354276180
9401865732
9632057148
9651208374
9054832761
9402765813
9213865047
9268053147
9413758620
9527610348
9380675241
9108537246
9635084127
9052734186
9483601572
9281506347
9508273461
9017546832
9201584376
9615278340
9061278345
9412603857
9652870431
9032476815
9028341675
9420673581
9506213487
9507438126
9681047532
9078146253
9148523067
9072643815
9735146082
9720346158
9781345602
9735210486
9658247310
9183507642
9365071284
9786154023
9731265408
9165342087
9270865413
9016872354
9756814320
9024387561
9637415820
9175082364
9843276510
9054781632
9067158243
9513047826
9758410326
9704632815
9720854613
9361407285
9314706582
9842317056
9021538674
9321467085
9576032184
9746350281
9142786035
9307825146
9361407528
9321604587
9723651480
9786301452
9028745631
9346120857
9412576083
9427156308
9053721486
9608471532
9542017368
9056847312
9164278035
9317524680
9716845320
9827504631
9021478356
9813706542
9810723654
9687205143
9517420368
9120437658
9034758162
9826145037
9047136528
9512347608
9061743825
9350127486
9208351746
9712358460
9506124873
9321647580
9530167248
9403158726
9204573618
9624183570
9527031864
9684203517
9786430521
9801532674
9562143807
9804257316
9038576124
9372106458
9106354872
9851703642
9035687412
9571248360
9452368701
9132865740
9475312806
9513784026
9835740216
9503172846
9431576280
9032157864
9751063248
9816325740
9503478126
9621473850
9243780156
9720634518
9751682304
9470836152
9027814563
9380265714
9574230168
9683410572
9863714025
9240615378
9362157480
9715842360
9451287306
9853047216
9138056427
9153074682
9064218573
9328507614
9356801274
9387120654
9358624170
9436572180
9846753102
9842317065
9605318472
9067854123
9732108654
9075428136
9087521634
9238065417
9824053761
9467301258
9420351768
9728153460
9163542708
9418736205
9384670215
9473628051
9156348027
9260158374
9038645271
9273851604
9176203854
9718235406
9501876342
9560432187
9174236085
9362048571
9140725386
9428657031
9750168423
9742301865
9537864120
9705238614
9487302615
9230471568
9738641205
9831475620
9124637508
9314285076
9401583726
9501634827
9521037648
9450168723
9870461352
9136720458
9864507213
9520847136
9176482305
9742613058
9812657430
9014368257
9046875321
9861302574
9543862107
9062875143
9741283650
9064137852
9074625183
9071465283
9815427306
9742806153
9216754830
9856327140
9612874503
9273816045
9214350687
9516072348
9013764825
9847203516
9536842107
9847156023
9861530247
9406138725
9261754380
9435617820
9710625348
9375162804
9548106273
9834162075
9147856032
9134870652
9401362587
9743602815
9845376201
9746082513
9850713426
9837415620
9523046781
9625018374
9581670234
9457608123
9830216574
9038457162
9251487630
9068372145
9746380152
9675831420
9301825467
9235640718
9430521867
9485623107
9283561047
9301726584
9721543608
9105236748
9047862135
9546718230
9230851764
9108765342
9271845063
9173460825
9857413206
9483157206
9125360487
9875162340
9423810567
9137240586
9062143875
9725163408
9856071324
9426851703
9382756104
9013275486
9351706428
9163542708
9516840732
9685412703
9461502873
9421063785
9168074523
9502174386
9870145263
9438752160
9718265043
9102436875
9173285046
9365182470
9725638140
9304278165
9702486153
9405372186
9526074138
9463852701
9536870412
9136752480
9504713862
9123650487
9320145768
9126745038
9521637048
9513746802
9572318406
9634281705
9130587264
9861754203
9175386420
9684275103
9621340785
9130526847
9107586324
9857134206
9865732410
9807124356
9245176038
9640531827
9730485162
9127304865
9361082475
9716405238
9268354107
9508412763
9578130624
9537804216
9724635180
9843201567
9016845372
9836751042
9351270684
9165480273
9527031486
9368450127
9406185327
9308675421
9185762430
9873615042
9482370165
9305647182
9721634850
9206741538
9640518237
9514327806
9510482763
9630875142
9510782436
9851372406
9147586032
9325148607
9673051428
9347182650
9260358417
9564178230
9086231745
9701258643
9428607135
9247051683
9324687051
9072135468
9065471832
9803412756
9703658124
9263804157
9507213648
9285034176
9280465317
9641870235
9601574328
9354170862
9351240768
9378546201
9642738015
9270684531
9743051682
9574032618
9354180762
9348105762
9264857301
9021735684
9523806714
9375184206
9304751628
9601728534
9835206741
9285067413
9405738216
9732680514
9831620574
9860324751
9704526183
9472065183
9354702681
9026453178
9762805143
9218536047
9518062347
9672835014
9506247183
9378205164
9103872654
9483752106
9374508612
9120738564
9320756184
9230174568
9807561243
9073812645
9306285714
9320168745
9132407568
9710634258
9752164803
9647581302
9382706415
9703246581
9578261340
9036251874
9802461357
9058132764
9653210874
9871503642
9038657241
9812756304
9870162543
9032618745
9160375824
9623187045
9827154360
9518230467
9124805367
9674238105
9426578130
9348726051
9814702365
9605173824
9435172806
9374605812
9480216375
9834602517
9843120576
9851426703
9641538270
9735862014
9347850216
9350871246
9718520634
9562417803
9465318027
9864312750
9215734086
9437826015
9617305842
9348015267
9176250384
9061758243
9762304581
9215673840
9567208413
9128056734
9560748213
9867534012
9651704823
9350412876
9631520487
9781450236
9381604257
9162405387
9048136752
9201738456
9265084137
9635107842
9317254680
9736410852
9678043215
9584216703
9086173254
9501834276
9487103265
9413570682
9401738265
9652143087
9560728143
9814673250
9618523704
9210483576
9273415608
9175348062
9407826315
9580143627
9457301286
9104367528
9462175380
9253068174
9821706354
9051623478
9357028146
9078564213
9641583270
9072514683
9487163250
9312408576
9203478615
9471052863
9178430562
9682431570
9387450126
9037426815
9365210874
9275086314
9608143257
9042735816
9034865271
9356870214
9180756342
9574261083
9715460283
9031487526
9261703548
9048736152
9632051748
9178406352
9540376281
9406582317
9210657438
9016238754
9674132508
9037612458
9734085612
9074382615
9805742361
9601827345
9820617345
9816574203
9407531286
9458361072
9657018243
9240371685
9017826453
9817534206
9460157832
9328041567
9674312580
9583027164
9623048751
9053746128
9683420571
9017536284
9687541230
9024156837
9247165803
9251860374
9071425386
9854206713
9325076814
9608571234
9274103865
9518704362
9182634075
9781364052
9125706834
9468213705
9235671084
9376524801
9478135602
9167530428
9368027451
9430187265
9501627384
9104536728
9604385172
9685201374
9841362705
9816370524
9718065423
9307186254
9215860734
9621340857
9435087216
9438705162
9710483526
9521760384
9458273106
9487523610
9476182035
9321076485
9682413507
9180734256
9628175034
9253746108
9041658372
9047182536
9738512046
9413852607
9087123546
9036125784
9874132065
9706538412
9368207514
9436270581
9876504213
9317245680
9074325186
9704632158
9627158034
9810643572
9865032417
9035617428
9742860351
9467138520
9035261874
9745162830
9170358264
9170824563
9057834216
9572863041
9325708461
9435170628
9632754801
9150264378
9328560471
9735024861
9615803247
9814720356
9152406873
9074285613
9501238467
9572481036
9147052638
9013826457
9285603417
9046125783
9024583671
9043875126
9832104756
9137586042
9612738405
9248076351
9165480237
9614528703
9586134720
9140287365
9178536420
9126047835
9416023785
9627041835
9823415067
9235087614
9820453167
9374208165
9274536810
9170534286
9847026153
9253804176
9042136857
9031674852
9627158430
9261587304
9714583062
9710352468
9463178025
9452086317
9281743065
9872316450
9127654380
9532871460
9037825416
9612048375
9714350628
9783601452
9084175623
9218640753
9736805214
9742806135
9625470381
9608471532
9457180362
9034827651
9234157860
9267150483
9324567081
9284051637
9780261345
9417826305
9065743281
9250183647
9084372561
9126743580
9204587613
9760251438
9342708615
9120738465
9024135876
9485217630
9420718653
9567834201
9624037185
9345168720
9625817430
9653842701
9038475612
9145328076
9431258670
9653104827
9701583624
9306287415
9736250148
9078145632
9546278130
9386572140
9065138427
9726381054
9742583160
9850763241
9681243507
9071253648
9145286703
9684371052
9274608315
9246103578
9823104756
9236754081
9541360827
9831205647
9217854603
9402186357
9578046213
9052647831
9142850367
9238154607
9286504713
9571830246
9812356704
9037612584
9307156842
9185204736
9126548730
9307285614
9738016542
9246850137
9325761480
9146807235
9370618425
9346502817
9146572308
9021856437
9465213807
9642310587
9761840352
9136458702
9348625107
9246801357
9362185047
9140687235
9512084673
9410582673
9641702583
9402687351
9476018532
9315872064
9321640785
9357012864
9372084165
9031524768
9540186273
9684372105
9782360415
9750381246
9136240578
9503724861
9480265317
9016284735
9608213745
9043176258
9508732614
9584671032
9041825673
9847251036
9281574063
9164082735
9704382516
9104587362
9430786521
9368752410
9827015643
9682473510
9067325814
9138506274
9031457628
9526041387
9081367452
9831265074
9462180735
9310546827
9083265741
9251308674
9578406231
9802571643
9352706481
9354281067
9765240138
9841260753
9647532180
9453607182
9130458267
9715820463
9708526143
9716284530
9541786230
9271405386
9657340821
9645738120
9857421603
9203854761
9168342507
9801364752
9358647120
9762405183
9031264785
9413750862
9578062134
9724130856
9120753468
9830547162
9875201346
9174302865
9402817635
9154307628
9734521680
9074862531
9657123840
9156278403
9542186307
9230457681
9104852367
9540173862
9528731640
9531674028
9170826435
9025714836
9587126034
9503248617
9064327158
9263058741
9826017543
9756804312
9026451837
9576328140
9372561084
9063715824
9462350871
9463815720
9530276481
9753104862
9231507684
9564027813
9510863247
9725314680
9851024367
9082415736
9867532410
9876341205
9862714503
9124368057
9368724105
9680431275
9670521384
9243586107
9806523417
9254718603
9427305681
9164783250
9821673504
9831274065
9024583671
9634872501
9157260384
9703861542
9735024186
9680573142
9423805167
9247381065
9461753028
9435071682
9870132456
9463571208
9430267815
9615742038
9385406721
9567084132
9540128673
9357621480
9682175043
9276831450
9021637548
9704138625
9478360512
9083415726
9628457130
9142837650
9680473512
9465128073
9807416352
9715423068
9814302675
9473816205
9874013265
9325076814
9521763840
9312576480
9423576108
9517342608
9461087253
9185470632
9467523018
9108237465
9634018572
9508412376
9416728305
9104786532
9173648502
9071432865
9283075164
9824503167
9081364275
9104278635
9401827653
9286503147
9380465172
9857043126
9457612380
9640218573
9725461038
9387412056
9678215034
9381046725
9732068145
9651047382
9816037245
9017846253
9172356840
9036741582
9853427160
9617354802
9476210853
9746820153
9215870643
9163082475
9564720831
9278654310
9467125380
9570368142
9823416570
9816750423
9028147635
9280637514
9641075238
9268457013
9764051283
9085126734
9761034582
9852031476
9462087531
9540267381
9630285174
9623071485
9837150642
9204867153
9403521687
9082637514
9812045637
9082135476
9051876423
9673250841
9825360741
9710652483
9031786542
9750624381
9406127538
9506841723
9013247568
9468120357
9651278403
9751348620
9803274615
9034562718
9715438620
9417382605
9743526018
9567204183
9037618452
9381702564
9410726853
9463587021
9724831056
9160583427
9247163850
9743258160
9423756810
9631527480
9852067134
9862375140
9741563280
9048527613
9238170465
9357102864
9315607842
9527310486
9821350647
9580714362
9460327158
9310528647
9825403716
9830172564
9643582170
9845706213
9306817254
9780543612
9430718526
9461257083
9461825037
9806234751
9670283541
9687412035
9408176325
9406725138
9621745083
9856372401
9768325014
9015738462
9038254617
9513204876
9102358674
9810526743
9178436052
9567821340
9608341527
9304786512
9241803675
9638147205
9802643751
9765180432
9703684512
9410265378
9374512860
9321605748
9801562437
9845267130
9301645728
9581342076
9167205834
9758602314
9238075164
9826173054
9057281634
9734168250
9738462015
9718325460
9135246807
9125047386
9801345672
9017452386
9806357421
9458760213
9420387651
9713568204
9387241605
9416572830
9452173806
9681057243
9861754023
9348152706
9054782613
9325761048
9851460372
9571834260
9146502378
9307541628
9564723018
9013624758
9410562873
9084321576
9705346821
9801432576
9467013528
9165432807
9354261807
9576418320
9632540817
9540732168
9172308465
9614527830
9875602413
9407123568
9532407816
9061354278
9157428603
9541672803
9835042176
9751028364
9648250713
9573281046
9507824613
9186354072
9817042563
9163742805
9410283765
9362581704
9865413207
9725418036
9380617542
9137620458
9062315748
9216750843
9761280543
9841075263
9487563201
9320681754
9560278413
9314270586
9783246510
9065812743
9583762401
9623450871
9716305248
9785126043
9780163254
9572134086
9652731048
9086523714
9523478160
9386045172
9631258470
9241503867
9653172048
9217053684
9274058316
9703681245
9142387650
9310648572
9714028635
9128046753
9170543286
9024567813
9847362015
9631745802
9217806534
9453678201
9083721546
9205147683
9857314260
9184752630
9763012845
9321580647
9378052461
9864572031
9024813765
9576140382
9320641857
9562174803
9725318406
9065214387
9270836514
9125047638
9203418567
9540736281
9084562371
9061247538
9732150846
9563087214
9346208157
9368174250
9078654213
9250836714
9305248176
9178324605
9165803427
9278103546
9125863740
9452867031
9258174063
9784025163
9860713542
9764238501
9463287051
9247513608
9186475032
9712356084
9735680421
9728614053
9360571482
9054726381
9604581732
9154607238
9546823017
9862317405
9358164702
9518347602
9756243180
9510483267
9726451308
9840627351
9674135208
9872564310
9547602318
9016845273
9384716205
9613257840
9207148653
9081764235
9736420581
9246037815
9820471653
9425130768
9046253187
9710423856
9078643512
9160285743
9740312865
9270641583
9051368724
9748306521
9248156307
9275816430
9531804267
9685412703
9720416358
9451638027
9062413857
9372084516
9430275861
9735284160
9184567203
9736458210
9712540386
9501478326
9583204176
9605384127
9416527803
9643817250
9537281046
9162047538
9426857103
9135026847
9625370814
9326184075
9602534781
9627843015
9035684271
9627483501
9861037254
9137602458
9187652340
9572136480
9126357408
9034125867
9762084315
9672405183
9604735281
9867015324
9246310875
9245378106
9864753021
9215870364
9806241537
9563472180
9456817032
9517603842
9018423576
9306752481
9186573042
9857401236
9135064827
9836102574
9471052836
9204356178
9861340725
9153784602
9854327601
9128035647
9480157362
9804127356
9703621845
9823461507
9461820573
9863054271
9752630148
9830756124
9261578034
9840167253
9016723854
9682530471
9275136804
9872450361
9453268710
9324605781
9354627081
9163025487
9316574802
9043281675
9167805243
9815306427
9076481253
9256140783
9346580172
9821354706
9165483207
9608342517
9460531782
9326741085
9105724863
9870254316
9207358416
9831205764
9453721068
9641523870
9508746312
9108645237
9387460215
9427650831
9652037481
9634820715
9704125638
9087135642
9316240857
9810635274
9078542316
9381756024
9784301265
9751834026
9160287354
9471503682
9154602837
9104587623
9826041573
9281653074
9132684507
9074216583
9835247106
9072461538
9874023516
9681423570
9578260341
9480213756
9762453801
9108564372
9640513728
9527148036
9068145237
9523647018
9752801643
9871246035
9207154386
9310854672
9106458327
9370216854
9305748261
9305461782
9513048672
9752016438
9163820457
9604538271
9054236178
9562701834
9835607421
9286405371
9758612043
9301685724
9642078513
9601274538
9437280561
9328457610
9802346175
9782654310
9617243580
9647523081
9635104782
9826043715
9371802564
9546280731
9403158276
9853704162
9023465781
9382170546
9801754236
9431268057
9627138405
9684123750
9462137058
9201476538
9526317408
9376504821
9357816402
9107364852
9483701256
9082751364
9403167258
9870134652
9621347085
9601273548
9257304186
9041327586
9034856172
9145267830
9034865271
9184657203
9758634021
9187620435
9624538107
9347861502
9562487130
9487506231
9521763084
9524130678
9763428150
9184067352
9741365802
9542087163
9864510237
9473621580
9807236154
9327514608
9402317865
9871340652
9752318046
9284657103
9850467321
9802674153
9682045173
9836541072
9416708325
9017483562
9716382054
9726140358
9713465820
9640357812
9864372150
9316457820
9582176430
9027613458
9824560731
9132746580
9651287043
9128437650
9245817036
9784236510
9742165830
9536714802
9064351728
9761230845
9430258167
9581627034
9578320614
9835024167
9036451782
9064857123
9827463501
9103684257
9051674238
9624815730
9873465021
9651324078
9234861057
9803164275
9382604175
9256430817
9237081465
9643827051
9521478036
9578132604
9470132865
9458326071
9084357216
9102753846
9827641053
9158763240
9786135204
9076218453
9053271486
9582743016
9563027184
9476132085
9123846075
9034725861
9451687203
9730854621
9453672018
9704261358
9058467213
9315027468
9521376084
9742138560
9615782304
9427135680
9417382056
9781604253
9243086157
9413075268
9052387461
9506741823
9835620147
9204763185
9473510286
9402158763
9207513468
9610235478
9143862075
9504172386
9807423156
9247813560
9732814560
9462153708
9436581702
9826453170
9378046521
9453781260
9158763420
9540813627
9374208165
9084261357
9520817436
9542136870
9475618302
9632457018
9578203641
9872513406
9142670538
9736804152
9736014285
9847502631
9310682475
9765018324
9157386204
9820573641
9613052478
9803615247
9634508172
9237145068
9138547026
9801462735
9826175403
9670543218
9754281360
9751380642
9374601285
9485712603
9832401675
9067123584
9031485267
9473501682
9062715438
9385602471
9140267538
9351824076
9764132805
9657034821
9048127536
9182640357
9142870365
9376108425
9235864170
9524186307
9756231480
9180356427
9081253647
9768425013
9275630814
9817504326
9506813472
9046873152
9036852147
9140765283
9567014238
9015264873
9102735486
9178503642
9572416308
9351746208
9705361842
9058417623
9468207153
9275140836
9527460318
9285430617
9328406715
9012547836
9750168342
9307824651
9743210658
9072145386
9462310785
9068534271
9514762038
9518376204
9251473860
9374062581
9754610328
9031245678
9341872605
9084365127
9876351204
9832016475
9302681745
9524370618
9257801346
9023658417
9203671548
9475608321
9206758134
9208645173
9042587136
9745683120
9521687340
9674502831
9846132075
9538104762
9216753048
9317028645
9764531280
9851360742
9724536081
9167250348
9460852173
9580634127
9138047526
9138640725
9374685120
9561378024
9342507618
9107846235
9401326758
9280543761
9428170365
9541308627
9315042867
9208615743
9084613572
9867014523
9423186057
9510482763
9581376420
9618750324
9235807461
9831750264
9038152764
9413682705
9058167423
9768135042
9261830475
9853074261
9072314586
9605123487
9204387516
9783421506
9126873405
9104837256
9054731826
9074512638
9604172385
9684102735
9065482731
9352810647
9067315284
9270584316
9065872314
9431026758
9280356714
9512368704
9670813524
9251460837
9632150784
9438615702
9127583046
9453726810
9510487623
9135647208
9587261034
9187032465
9518640723
9305864271
9364850127
9821350746
9260753418
9421567830
9817604532
9751602834
9312748605
9630785412
9570426183
9783125064
9410387265
9582476013
9074651823
9046258713
9284530617
9631047852
9728046315
9857426103
9108547326
9768140235
9357241680
9426875103
9862415307
9352706148
9854062713
9570682143
9342807561
9546018732
9341628507
9386401752
9435802716
9368057124
9742085631
9741528603
9746123085
9451608273
9384017652
9203715468
9652781043
9648532071
9064327851
9074562381
9103865247
9214357860
9815673204
9657218034
9108273465
9518073426
9820436715
9472560381
9527081634
9804762135
9078462513
9062345178
9814035276
9013865247
9768342051
9653704128
9750426138
9614203875
9264713850
9026381547
9586273041
9435721680
9364805712
9503682741
9658301724
9248173605
9716328504
9310726458
9065372148
9841235706
9746150823
9857236140
9386054712
9763210458
9524106837
9784052631
9657128403
9468752310
9871024356
9473628150
9730462851
9452186370
9105832476
9427803156
9526318047
9124768035
9517820346
9814503267
9672150348
9821035647
9682541703
9834261057
9415738602
9754168320
9256340718
9425803671
9371645280
9728063541
9256041378
9604271385
9534810726
9816743520
9401825376
9368715042
9213670485
9185023467
9042735168
9045213876
9023681457
9873521406
9061372845
9478162305
9476583021
9204615873
9253601748
9125683704
9183467520
9513620784
9524716308
9874150623
9137452806
9306874215
9586031427
9864251703
9135208647
9105237648
9058231674
9543827106
9152460387
9682047513
9876540312
9061738425
9863427150
9570216438
9780142563
9543160278
9805176423
9314726580
9541782360
9705623481
9751086324
9230847165
9306457182
9814305762
9807253614
9071324586
9837650124
9864173052
9046831527
9271358640
9047658213
9327814650
9208614735
9206853471
9865013724
9504136728
9051476823
9764138502
9461703258
9152307468
9625478103
9023568714
9670412835
9326514708
9324587106
9738140256
9368715420
9514678302
9018576423
9725684013
9087532146
9784053612
9046287153
9380642715
9064735218
9167542830
9834250671
9420865371
9106725834
9182043675
9546710382
9206478351
9610743825
9471502836
9014836725
9504238671
9430867215
9841627305
9421657083
9840157263
9378154062
9416538207
9461873250
9420578631
9360127458
9261703584
9374086251
9430652718
9537426810
9360872154
9531082674
9847560312
9781203564
9731425086
9425178036
9726185430
9584670123
9015764328
9568472013
9216504387
9251803476
9042837561
9345602187
9038524716
9260185743
9241587306
9152068374
9725410683
9301287564
9615384207
9281043567
9876152430
9126853704
9076821354
9371025468
9586024371
9135682470
9175082346
9147825036
9327580461
9637542810
9834720156
9832567104
9278460315
9301827456
9618503427
9325781064
9184372560
9423806157
9270546831
9726140853
9410256378
9617845230
9457381206
9875162403
9256471380
9750246318
9143287056
9571264038
9876215403
9456123087
9381506247
9467523810
9328417605
9724613058
9785214603
9846125730
9314602587
9634052178
9201583647
9170856234
9073621584
9630178524
9351074826
9863741250
9806314572
9687025413
9802574631
9831062754
9501863472
9871203645
9178204563
9346082175
9540873621
9176853420
9738160254
9362014587
9742365081
9036812547
9274835601
9065317284
9204716358
9562048371
9754082361
9103527684
9426518037
9238170465
9704518236
9184023765
9742153806
9325108467
9537280641
9620431587
9503764812
9726013584
9014836257
9384257601
9468507312
9624783051
9245837160
9032785164
9841270365
9681235740
9857426013
9075684321
9253816470
9428073165
9538017462
9175264038
9534816072
9213485076
9420861375
9253104768
9745032861
9213407856
9576830214
9715024386
9506123487
9275841630
9486715032
9017538264
9075863124
9546230718
9316284705
9201356748
9130452678
9628413507
9423107658
9247560381
9751234068
9752146830
9025637148
9342701685
9486213075
9351468720
9312764058
9781234065
9516473028
9720168354
9438216570
9617342805
9481053672
9104275683
9568371420
9571604238
9180354672
9810346527
9268105473
9140385276
9853174260
9815762304
9028173456
9703158264
9514630872
9706842153
9783546201
9264780531
9086714253
9304762815
9824106357
9274138065
9417683250
9273840156
9853164702
9753621804
9250731846
9246013578
9607318542
9265830147
9362058174
9635748120
9412837065
9123856047
9856123047
9185374206
9236157804
9354860721
9617243058
9017653428
9782154603
9321604857
9781602453
9760243185
9830241657
9517324860
9183054276
9287536014
9057412386
9631782540
9506287431
9257106843
9715038642
9216504873
9286135047
9510682374
9350726184
9468150372
9845162730
9723815064
9365024781
9103725846
9814506732
9657402318
9718320465
9582746013
9762581043
9763540128
9164502837
9642701358
9284713560
9253617084
9765081423
9530784261
9468210375
9617835420
9847236051
9235108674
9683450271
9071285643
9204573861
9285036471
9264083175
9862745103
9672851403
9823645107
9607384512
9501238674
9564013278
9672315840
9123584760
9817345602
9834251607
9542317068
9432570681
9563481027
9071682354
9832610754
9045736812
9543728610
9523678041
9042137685
9041567823
9384501276
9235607841
9072361584
9270384651
9246538710
9016538427
9472816053
9706432581
9641530827
9564270183
9163078245
9361875420
9508321467
9076158432
9867143250
9153468702
9031674285
9217540863
9520783146
9704638521
9728435610
9864503127
9148630275
9250481736
9175208643
9087261453
9452081367
9627438051
9125376480
9854127036
9283576041
9142508736
9417652803
9482730156
9057628134
9028543671
9512064783
9012654837
9057241638
9762150384
9734621580
9415763082
9108257436
9273065841
9587062341
9603721485
9653428170
9683072451
9813604572
9076148352
9728536140
9630527814
9284365017
9324861750
9870465132
9107586234
9362571084
9045173286
9752168403
9843120657
9567240138
9480537261
9281350746
9063587241
9218760534
9562407381
9415607328
9163702854
9527831046
9714256083
9428560173
9805364712
9813046257
9247053618
9817356204
9064781532
9502734681
9528417630
9562840173
9537061842
9302684715
9573281046
9812635470
9647205183
9762845310
9375428601
9076832541
9670832154
9843160527
9580734621
9352764180
9526781430
9726135408
9186750243
9540728316
9763042518
9510742863
9621748035
9058761423
9863721450
9614327058
9701846325
9874621530
9281460375
9234785061
9270148365
9403817652
9485706213
9024351687
9762803415
9865034271
9768453102
9210536478
9805726413
9784201563
9312705468
9102675348
9762184530
9671430528
9853216407
9734058216
9153708462
9306571842
9280543176
9134085267
9638712450
9653814072
9230586147
9375418602
9105426873
9362548017
9851263047
9286450137
9815437620
9608342175
9471850623
9761402835
9306475812
9640138725
9843516207
9830641275
9726580431
9574230861
9042368157
9726841503
9208437156
9207835164
9061254387
9210574683
9014253768
9265170384
9532647081
9430278156
9346158207
9543208617
9318076524
9210638754
9254308617
9531462807
9108367542
9708314265
9782651304
9503761428
9846230571
9721456830
9648130572
9537042861
9136805472
9603745281
9763058214
9154368720
9358017624
9874603125
9051762438
9235046718
9482670315
9732486150
9651320487
9732150486
9643017582
9102687453
9816703542
9763184520
9810526437
9560123487
9810574263
9830542671
9531462078
9407531682
9361028754
9512063748
9782403651
9364072815
9352860147
9571348026
9387246510
9407182365
9153670842
9683210457
9023571468
9462803175
9458613027
9168274503
9672318540
9547206813
9275864031
9831064725
9357842601
9013587426
9634157802
9876521340
9137450286
9637182504
9450387126
9671042538
9214670853
9320678154
9653872140
9261530748
9273615480
9531240876
9034652187
9360821457
9172348506
9354026187
9037568142
9871036425
9145726083
9054327816
9135647082
9103842657
9537182460
9648150273
9652314870
9538470216
9760523148
9486352017
9843021576
9784630251
9421370685
9214075638
9605342187
9035168742
9516082743
9180435627
9870613245
9026317584
9345076281
9486271530
9561348270
9765301284
9675032481
9173406285
9560278134
9452013678
9256781304
9016483257
9153076824
9053841672
9315870246
9426813750
9140873526
9547308612
9480137256
9067814523
9067523481
9871352064
9657142038
9631207548
9408723561
9537810462
9810657234
9365147802
9735261840
9462081357
9801465237
9014358276
9318056247
9018452367
9752683401
9018263754
9647801532
9475801632
9560738124
9257618043
9102874356
9234801756
9248531076
9375684102
9184075362
9643580712
9603528471
9032718645
9267581403
9184765230
9304512678
9257680134
9106743285
9405613872
9870364512
9312574068
9124607835
9842537061
9712358064
9760521834
9501643278
9843705612
9072168534
9026713584
9076358214
9501428673
9108726435
9608513472
9207148563
9258140367
9874260531
9472530168
9470816325
9012346785
9316057248
9136842570
9051627348
9542671830
9271630584
9426875031
9156780324
9043258716
9384260571
9302741685
9054382761
9706245138
9781503426
9325486710
9235861047
9346510827
9387610254
9638074215
9140782365
9204587136
9475680132
9738652104
9831406257
9530672841
9631075428
9684170352
9081523674
9583624170
9842107536
9674802135
9657234810
9274368501
9735042816
9081642357
9342568701
9648305127
9561238470
9631782045
9305678241
9501734826
9074632581
9042187356
9253487160
9468123570
9372810654
9540673128
9185473602
9283650174
9710248536
9317640852
9513470682
9103827645
9740562318
9702816354
9637408251
9041835627
9145387602
9172538604
9471683205
9248650731
9372085164
9875416032
9807354126
9061234875
9407215368
9674350128
9534706281
9645187203
9023467518
9875321640
9630175248
9657028134
9135478026
9840162375
9621437085
9185067342
9570342681
9615782043
9365487210
9632874150
9680325471
9743205681
9174258360
9067438125
9514360287
9756314802
9371248605
9286317405
9371460582
9265730481
9025471368
9254830671
9207534618
9418053627
9758164032
9254710638
9815036742
9265748031
9512734086
9037512468
9216847503
9812364705
9864172503
9613074528
9473025816
9265710348
9518042763
9401857623
9865103274
9403567182
9138264570
9804675321
9327154608
9325804761
9602547318
9278140653
9107645832
9316580724
9861370542
9185624370
9732615048
9473851026
9854763012
9452713068
9647250318
9752106348
9534781206
9057623184
9231475068
9028564317
9021465837
9012534786
9513742068
9075423861
9328567140
9068721534
9427531068
9265734180
9364287501
9846152370
9408753162
9463871250
9261537084
9685413270
9561042738
9352647108
9264351870
9840375612
9412058763
9804231765
9485672301
9581034627
9563047182
9513206784
9124750683
9706418352
9716350824
9374051826
9617482035
9236058174
9078456231
9152674038
9502713486
9740126358
9318546027
9560287413
9637512408
9216358074
9324576081
9215348760
9271683054
9234061578
9207356841
9580716342
9684072153
9073186425
9583274106
9635704218
9078341526
9368175240
9065318247
9743602185
9405386127
9743605812
9320485671
9751430628
9478362501
9420731586
9625743081
9614270538
9624831750
9805647312
9431278056
9602815743
9302815674
9582376014
9542167380
9642871035
9306517482
9053476182
9758324061
9462753081
9460325718
9128736405
9874032516
9160243587
9052836714
9810645723
9234167850
9365210487
9683514270
9350214786
9705684312
9615248703
9283406571
9286035471
9085273146
9635704128
9578023416
9681370425
9640832517
9387041256
9812075346
9168542730
9405137286
9724650831
9718306245
9483256017
9673450821
9382145760
9241536087
9450716328
9486215307
9261375084
9283761045
9237651804
9265371084
9721384605
9420673518
9075136824
9164250738
9805276413
9073865124
9128435607
9351784026
9752143806
9105726348
9817203564
9573816024
9531478620
9382407165
9157462038
9314580267
9571648302
9385746210
9087263415
9275034168
9204163785
9803451276
9857106234
9735804162
9615284307
9340652817
9807463215
9130865472
9401537862
9742135806
9612734508
9412507836
9084356217
9268140357
9051328764
9406723185
9265137840
9410375268
9037624185
9463012875
9027814653
9653472180
9257610384
9048365217
9073521648
9435807612
9832704156
9163820754
9513407268
9057861342
9420675813
9587312406
9635847102
9176502834
9418673520
9308175426
9617438502
9137420865
9305817462
9765481230
9325816047
9148567230
9837501246
9348061725
9046123587
9278456310
9206154378
9823107546
9570382146
9314528067
9156078243
9367180452
9571430682
9427650138
9421806735
9382564701
9763025814
9502438617
9582613047
9814630527
9327615048
9842317650
9320567841
9035481627
9120437865
9248713056
9210634758
9312048657
9427183056
9270518346
9628105473
9624175083
9182043657
9607153428
9017625843
9486215073
9170546382
9360548172
9056782431
9587021346
9716542803
9687350241
9371286450
9806345172
9201476835
9617302845
9615380274
9034527861
9456081327
9745120863
9124567830
9051762384
9653024781
9847650231
9410728536
9760185243
9210478365
9048617523
9013845267
9218736504
9567132084
9240185367
9374528601
9408537612
9714520863
9743608125
9384527106
9083571642
9138627540
9560834172
9065842731
9465031827
9431705628
9861537420
9780143256
9761852430
9854361027
9517826340
9051732486
9542861073
9805321746
9823560147
9648315702
9023165748
9063715482
9073621584
9470368512
9543081267
9136027548
9260145837
9610754823
9158347260
9536148072
9052341876
9752830164
9142753608
9825603471
9426058371
9821063475
9418730625
9872351064
9487526031
9306847125
9237514806
9810736452
9402173865
9321746085
9367810254
9231475806
9245673810
9250374816
9087163245
9475068132
9163582074
9428610537
9613847052
9465820317
9584270361
9541762803
9324785016
9346250817
9508314726
9567482310
9720365814
9814326705
9758320146
9207563184
9851420376
9816743052
9453687120
9345726108
9261743058
9408531762
9176420853
9182306754
9541762830
9085714263
9218034675
9376012485
9472135860
9804617253
9720564183
9701482635
9245378610
9042815763
9604152837
9815236704
9740125836
9420137685
9234671805
9672154380
9760342158
9123056874
9564320178
9348250617
9782501364
9063127584
9637801425
9087346521
9036485217
9165702834
9038627415
9107456823
9182064753
9025834617
9240567813
9264710385
9360485721
9784123065
9150674382
9340518276
9254713068
9618032475
9183247506
9823057614
9403658712
9761834502
9256814037
9450268713
9635072814
9546123087
9485126703
9027435816
9753281064
9108732654
9742635018
9864572103
9028617345
9261805473
9275416038
9063245871
9048132567
9308126547
9627341580
9041265837
9802153746
9732548061
9136780245
9503276481
9314057628
9563214807
9318076524
9342760518
9571624038
9876042135
9638514027
9618750423
9487651032
9084752163
9563280741
9230678451
9610342857
9038145672
9208431675
9340652781
9157630428
9650841273
9132658470
9513086274
9673024158
9435627018
9527603184
9415687230
9375068124
9326178450
9762541083
9180756243
9502734186
9431027856
9508136472
9284370516
9023175684
9387561204
9104738265
9817243506
9617802534
9073256148
9236504718
9840327165
9304182567
9265834107
9283547016
9524780136
9674213085
9813507246
9306785241
9068215374
9273864015
9314805276
9762458103
9804126537
9103247586
9271458306
9042367518
9730586142
9081536472
9823651074
9412375086
9856342107
9453102786
9172654803
9867132054
9860342157
9147028563
9653078241
9471258603
9478523160
9706425138
9785024361
9642508173
9682347501
9837450216
9250483761
9367251480
9037265418
9307156842
9847056231
9731685042
9310587246
9627035841
9804657123
9637582014
9183524067
9351420768
9123674805
9027135648
9582130647
9843106257
9371046825
9503476812
9452803671
9475816203
9516407823
9756241083
9254081637
9285067134
9480265731
9021754386
9172640538
9083275461
9270458361
9287403156
9083467152
9756021348
9106845732
9382516407
9581706423
9368407125
9418527036
9801526437
9148075362
9327804651
9543186072
9841670325
9583041627
9182763054
9580641237
9821734065
9345021876
9208176543
9152063478
9265407381
9847032651
9678314502
9618043725
9531706824
9168754023
9631574028
9017243856
9021467853
9325840176
9685374210
9182347065
9647235810
9506132874
9125640873
9351807426
9731420568
9053768241
9328475061
9854716302
9527613048
9563724810
9512083674
9415832760
9532678014
9674532801
9132054678
9018526347
9632508471
9582136740
9820561743
9358207146
9658374210
9762045813
9704532816
9360215478
9285036417
9837410652
9614385270
9023178654
9078152643
9852074316
9456873102
9048513726
9062583147
9567432018
9627534081
9854320167
9204587136
9704586312
9827361045
9567321840
9136245087
9805324617
9742036581
9706542813
9728631540
9324170856
9251870634
9516832047
9162453780
9601245378
9821537406
9548602173
9537401286
9786542301
9854273061
9815204763
9036758241
9512034867
9315076842
9851304276
9364581072
9148735026
9265740138
9203671458
9210587643
9178365240
9140823657
9435812607
9728315064
9584203716
9235180764
9612580374
9547618320
9543281760
9714820365
9206518734
9560823147
9051462783
9123406587
9016543278
9730268145
9120543687
9046785231
9625084731
9830721654
9712340685
9814037526
9104728653
9201843567
9382701645
9864317250
9516073284
9460587123
9273804561
9213786450
9142637580
9617258034
9315706824
9061725384
9815764023
9287135064
9253017486
9170435628
9327148065
9068743125
9824751306
9150864237
9380275416
9162534870
9410273586
9017386452
9607584123
9075263418
9865710432
9102864375
9410725386
9670482513
9578401623
9701465823
9587314206
9056312784
9628417035
9415806327
9238645710
9183754260
9742683105
9273584601
9607813425
9043186527
9271645380
9680751234
9785640123
9546237810
9542807136
9146780523
9126754038
9281436570
9628745013
9816072534
9045638217
9375124860
9751428306
9804652713
9401836725
9320746185
9036514827
9653810274
9756314820
9147236058
9704861523
9712684053
9058342617
9528740316
9471235860
9185642730
9013725648
9674380125
9325178046
9504278631
9583617024
9471028653
9386541027
9463801752
9037452186
9710258436
9146827035
9431867250
9027861354
9748503261
9024357186
9813670254
9182360457
9840356217
9485312706
9281306745
9380265147
9865142730
9150823746
9167283045
9156834270
9843610752
9728064315
9867512043
9187423506
9706421583
9013584672
9654210387
9305418267
9286147350
9452187360
9705416328
9862543071
9286074315
9251374680
9370816245
9207568413
9427015863
9065741283
9602735184
9062384715
9743012856
9815340627
9150672483
9238175064
9615347280
9426105873
9521768034
9642105378
9406275138
9208465371
9146730258
9126375084
9706358124
9456782301
9180762435
9247306185
9248531706
9287014356
9538746021
9370162458
9461738502
9754613082
9432057168
9826540173
9821054673
9140865372
9618304725
9106752438
9560784231
9503672814
9321608745
9018426357
9412736085
9057463182
9634210578
9347608521
9328705614
9268015347
9608147352
9845206317
9531820476
9137504682
9560312478
9513462087
9271638504
9673012458
9651324708
9847265031
9765314208
9582041763
9340876152
9356048217
9831054267
9240561783
9467081532
9714058362
9210746835
9032568714
9173058624
9857104362
9748152603
9251067384
9780415362
9746032158
9684037521
9540781623
9240658713
9153864207
9561804273
9675028134
9730486215
9025673841
9086572314
9751320648
9671520384
9742850613
9046278135
9315824760
9185374062
9137582046
9523816470
9416573280
9451670328
9265304871
9270863514
9671302458
9106824735
9354208716
9134526708
9318024675
9084627531
9076128435
9053846721
9642701853
9654123807
9813205674
9320157648
9657031428
9438620175
9567018432
9514862370
9260471583
9204536817
9610784325
9062153784
9641305278
9863275410
9147863520
9126480375
9430865712
9456123807
9358406127
9516430827
9175304628
9815037642
9207163458
9523041678
9347251806
9542603187
9317620845
9275634081
9613408572
9430628715
9048371625
9816470532
9625874103
9416830752
9430256871
9703421586
9470326518
9075832164
9453162870
9812703654
9450723861
9608234175
9126857340
9251640387
9102483657
9738516204
9250631478
9827051346
9542308167
9157320486
9810624753
9365270184
9732418056
9321604578
9547310286
9532708164
9786543120
9216478530
9025684371
9164072358
9826037541
9384672510
9741536082
9826157403
9473658201
9143670582
9845270613
9804372615
9063452817
9013628754
9802614753
9814026573
9621847503
9365742180
9840273516
9645108327
9108425367
9682174305
9134567082
9634715802
9608423175
9650387421
9473081652
9650314278
9123570684
9435078162
9325106847
9274605138
9063472851
9576841230
9457163802
9705314682
9142870653
9614827053
9861520374
9856017423
9502378146
9261350487
9102543867
9730518462
9425837610
9682751430
9738024516
9873250416
9168204573
9340286751
9157684203
9632148507
9637125840
9458230167
9283760145
9032187465
9412063857
9258670143
9105867243
9786235410
9754162830
9168042537
9804563271
9607532814
9632741805
9872456130
9835176402
9764582103
9036481752
9164257308
9765803142
9650738241
9208534761
9708421365
9837621540
9286710453
9631872540
9386410752
9847610352
9048163275
9273058164
9031725846
9076182345
9536240718
9348216507
9351782640
9506132847
9843512760
9435127860
9417052386
9807261534
9375846120
9057823641
9058321476
9045321867
9801756432
9861470253
9206874513
9480312765
9814263507
9375186240
9076518234
9760853124
9715340628
9184357206
9360278541
9516743208
9816740532
9812645307
9206437518
9872405361
9238045761
9475203861
9816257430
9345081627
9574128306
9102867453
9380146725
9860143275
9524683107
9630185472
9857312406
9647083125
9708315426
9632047518
9348671502
9576423018
9248107356
9832574160
9635841027
9803712564
9451237086
9753024168
9145086237
9278154036
9407563812
9081623754
9072561438
9825047136
9045613782
9453081672
9857132406
9534102678
9467120835
9438520761
9763185402
9546718203
9381265704
9821750643
9137245806
9236578410
9450163872
9028517364
9120378465
9104362875
9784153062
9214370586
9528371640
9357082641
9267304815
9157824360
9615840723
9430621587
9760234158
9186327504
9841526370
9340165287
9024368175
9804512637
9684732510
9014638257
9352748106
9452617803
9418207365
9732058416
9750231468
9354087162
9718260345
9783160425
9721453680
9172635840
9280143765
9832145760
9521634078
9758601243
9834620751
9531874026
9028153674
9058236147
9678053412
9263578140
9460527318
9841237605
9160483275
9614705283
9107862345
9017532864
9240371685
9821507634
9735801426
9742301586
9865042731
9645812073
9504816732
9153672408
9254078316
9468350721
9460835217
9042875136
9318702654
9146028537
9032785614
9724130865
9240578316
9340871256
9413658270
9867345120
9506817423
9783506241
9350147826
9584102367
9841067253
9546738021
9710854326
9517860342
9418320657
9854716302
9738651204
9785042163
9685172304
9537810426
9315247068
9451267803
9153476802
9213748560
9247561083
9346021587
9652780314
9810472536
9218074536
9678130254
9463571802
9536270481
9527036814
9456372108
9671283405
9658201437
9720154368
9850716324
9378514260
9275408163
9580712463
9572834016
9538704126
9382506741
9675824310
9016785423
9362405187
9184360725
9470812356
9152640837
9150872346
9640358172
9562081734
9187024653
9546231087
9024853671
9861732540
9847153206
9720134856
9724610538
9014786532
9732568041
9824736501
9642581703
9706183542
9451372608
9435026781
9138650472
9351708426
9250347168
9436578210
9374062815
9785036214
9370826514
9173052864
9315648270
9280367541
9346281750
9581743260
9740851236
9120386475
9713680452
9437618052
9374516082
9321076485
9173452086
9187064235
9065732184
9863057241
9753601248
9836704512
9834210567
9384702516
9357180246
9742306851
9654137028
9723801564
9730168254
9573104268
9648705123
9354721068
9357142608
9250761348
9168720453
9128530674
9813540672
9360514278
9478326015
9318762540
9651028473
9015368427
9038254617
9587364021
9618045237
9813204675
9316248507
9625048371
9483671025
9253417806
9207813465
9658412370
9285471036
9324571680
9120756483
9042853617
9381054267
9732851460
9047865123
9751843062
9053274618
9852043617
9417035286
9762831405
9017368245
9674503281
9824107635
9451378602
9571024638
9725418036
9542730681
9542037681
9741326850
9478210365
9614250837
9510826347
9853720146
9307146258
9536804127
9167523804
9023751846
9623748051
9608713245
9257438061
9368270541
9634820571
9064231875
9746105823
9842137506
9803127546
9518364027
9072465183
9034657281
9106583472
9613725408
9201785463
9523710864
9465312807
9614875320
9420586371
9081753426
9705631248
9205638471
9238560174
9871534602
9835421760
9384015672
9410537628
9761450382
9234781650
9634758021
9721846035
9638214507
9578342610
9486512370
9253016487
9178645032
9234170856
9610824375
9847325061
9460283751
9176528304
9570428136
9107568342
9237850614
9705316824
9132548067
9247031586
9670182345
9768150432
9236718504
9658241307
9360724815
9375864210
9613845720
9487513026
9524678031
9701542368
9307642518
9136045782
9803142756
9041875263
9532806147
9536204718
9460137258
9184065732
9621475038
9617302845
9023475168
9842735061
9637054281
9124857360
9356781024
9534781062
9372068415
9782563401
9140682357
9260358471
9047516832
9503628174
9813746520
9087641532
9730564128
9634107825
9576341280
9412576038
9325047816
9407132856
9458701263
9762405381
9260531784
9307516824
9732548610
9384065172
9546170238
9460218573
9734126085
9684132750
9532807614
9720413685
9542708361
9685173204
9584160372
9703425186
9568042731
9267381054
9156403782
9617805324
9168572304
9610725483
9835760421
9476032815
9682143507
9356742801
9732061485
9726541038
9470538261
9817465032
9482715036
9753086412
9236018574
9310256748
9540382716
9236081475
9531786420
9214563780
9186570423
9506483712
9530174286
9687153204
9136270548
9741308265
9413780256
9547183026
9340682715
9187236450
9261340785
9671504382
9056381247
9234065871
9680354721
9475183062
9146387520
9764518230
9054186327
9260578134
9157806243
9612840537
9847153206
9284613075
9705236184
9813045726
9805714623
9342105768
9740253618
9243681705
9172048635
9870362451
9417053268
9847516302
9816504372
9204367158
9546817203
9241078536
9428371650
9846351270
9721384650
9251084736
9461352087
9148253760
9182340657
9675312048
9376248501
9361827054
9410563287
9871062543
9187654032
9054326871
9812403657
9857412063
9084372516
9182567304
9508267143
9815402637
9534802716
9307642185
9075314628
9382560174
9256184730
9304257168
9102386745
9314580627
9523106748
9725310648
9067428531
9142378065
9534162870
9021756483
9460172835
9583140627
9617024538
9274850361
9863127504
9082735461
9138542067
9341720586
9512067483
9536170842
9562841370
9846150237
9605124378
9203465817
9378416025
9671243805
9864502713
9762530148
9704638521
9264851730
9238014657
9457032816
9786405312
9720583146
9574862031
9561278430
9814756023
9413627580
9304158267
9164570382
9326145078
9250784613
9401537628
9835471602
9135782604
9672815304
9210763854
9825410376
9523410687
9086527341
9134705826
9867450123
9738016542
9840326751
9782564130
9346108752
9421057836
9607514238
9473850216
9853607142
9846203715
9106538724
9610745283
9621354708
9648107532
9756140382
9453280761
9873052416
9271408653
9217856430
9520617834
9501673428
9145608237
9205743186
9324875106
9052683471
9370126854
9673248150
9721460538
9513867024
9487315602
9473605218
9067135482
9143850762
9841326507
9753246180
9462173805
9672481035
9237850641
9235180746
9034167825
9867315042
9346572018
9436152087
9604218357
9654103728
9678245103
9542073816
9742356081
9287145036
9256013784
9365128740
9370628541
9416257038
9820713465
9356078124
9532748610
9675421308
9345072168
9015678423
9530628417
9476108325
9014736258
9623780541
9620185347
9284537610
9230815764
9785234160
9056418732
9016754328
9280546731
9563170824
9203176854
9127304856
9280617453
9835712406
9842075631
9467310852
9761345028
9570126384
9527318046
9086517324
9864170523
9402815367
9726813450
9865143207
9651807234
9067234581
9087356241
9108275436
9473286051
9176483520
9835741062
9608213745
9285073164
9473812650
9435816027
9173254860
9640531287
9451867320
9437058216
9874536102
9572480316
9830214567
9568730412
9086541273
9715043286
9723408615
9073461285
9123045768
9023468751
9201437568
9603415872
9264358701
9473206815
9084235176
9074836512
9351870642
9263170485
9015468237
9145627803
9281560743
9521786304
9417650328
9761230485
9536420178
9845013267
9452078163
9760528134
9073258614
9385026147
9504628137
9654238170
9720465183
9364071258
9635480172
9064782513
9821736045
9416278350
9386740512
9431720685
9341275086
9075264813
9473068152
9401635827
9264307851
9658702134
9853741620
9367045218
9568720143
9876541032
9175842603
9530872641
9413520678
9348260715
9718630245
9765238410
9314857062
9154768203
9836157402
9235871406
9718354602
9152364807
9820654731
9612473085
9504736281
9817256403
9865370214
9415076823
9562870134
9436102785
9423807651
9631850247
9231045786
9182057436
9712460583
9368270451
9723485106
9837250146
9574318206
9765012348
9164023587
9074618352
9150378264
9241568703
9428670351
9354267810
9854620317
9573281640
9456813702
9318504627
9285710463
9487520361
9248056371
9587041326
9480275136
9620384571
9172834560
9467830521
9326857410
9768104352
9608241537
9843750612
9174580263
9185432670
9802475163
9078645321
9487251306
9841235760
9801263754
9016372854
9832015467
9026743185
9618254307
9376045821
9453012687
9781536042
9210483657
9715038624
9730451268
9685213047
9265148307
9815473260
9561042783
9678043152
9271603458
9652317804
9365124708
9304561827
9718543602
9723815640
9536087214
9043261587
9354712806
9863105247
9153724680
9560841273
9632817045
9167250483
9065814327
9320715684
9358460271
9654731208
9134572860
9163807542
9420651378
9067413528
9457286310
9614530782
9528067413
9803246571
9641038527
9613407825
9601248357
9684523107
9860452317
9651304728
9042715386
9437618250
9035842176
9087423156
9038246175
9678451032
9461328075
9615324078
9473061285
9538426107
9350176482
9407825136
9264137850
9287563104
9521786403
9562138407
9246783015
9372154806
9863245107
9534126708
9163405782
9024715683
9537628014
9361874052
9642510378
9043625718
9867021345
9846037512
9607152348
9360728154
9182547630
9582076314
9073125468
9267453018
9087125346
9473521068
9130486275
9243057816
9106835247
9281760543
9826410375
9265043187
9168570342
9476038215
9746810352
9310285674
9176530248
9203548671
9645812073
9283640175
9560341278
9826301745
9658704132
9250413687
9342510876
9548306721
9312580476
9785423106
9231560478
9158430627
9126543780
9548671203
9345806127
9471328605
9418527603
9412760385
9354681702
9013624857
9042715638
9126870534
9283467051
9286475103
9175642803
9852671403
9632851074
9348571206
9543807261
9830217456
9105763824
9540738621
9827503146
9583012467
9015328467
9657084213
9718364052
9720435861
9648027153
9123576084
9230786154
9620374581
9321046785
9274318650
9615834072
9683425107
9683570214
9762501348
9374162850
9102875463
9175023684
9584701263
9863150247
9341056782
9307268145
9651834702
9174035826
9278651043
9186270435
9428073156
9283047165
9380657421
9541806237
9268743105
9106347285
9357018462
9083725461
9012368457
9270531486
9237541608
9765403281
9524876031
9536781024
9236701854
9756301824
9287063514
9067831524
9643750281
9462758310
9815347062
9083162574
9504672813
9751638420
9217860453
9462178350
9547106328
9148573620
9527843160
9461258037
9627835401
9874036125
9082713465
9123547068
9213570684
9163078245
9482605731
9671542380
9370681254
9526407813
9134062758
9206753418
9302471865
9482517603
9610837254
9308156274
9064517328
9867142305
9874602153
9748015632
9721534068
9280743165
9426735108
9273480651
9754106382
9024183657
9360518247
9428307156
9153287604
9803425716
9586374012
9175064382
9025784631
9713852640
9210465387
9307168254
9378640521
9481052637
9706214583
9038641752
9247086351
9487620531
9541623708
9325847106
9415863720
9386045712
9702851463
9425637180
9627134850
9621540378
9802361745
9267803145
9501364278
9267810435
9874051263
9813076542
9261830745
9138465720
9426310578
9164307258
9753612840
9415628703
9540673812
9180276534
9752036481
9236410758
9401785632
9830264157
9486025137
9830416257
9405628731
9267158034
9736245081
9064182357
9560418237
9076234851
9460381257
9187460352
9612578403
9743286510
9701534862
9536174802
9580724361
9356120874
9870465123
9501432678
9638021754
9531842076
9170432865
9054618327
9276834051
9841675023
9653742081
9237860451
9547321086
9154723680
9762510348
9438570126
9087456312
9362810547
9624817035
9704631528
9382674501
9342570168
9157308264
9103468572
9583067421
9540638172
9305482167
9645287031
9130472658
9306148725
9524387601
9364218057
9601732854
9275804631
9051734862
9812350746
9681045723
9137682450
9073541826
9732610584
9263541807
9715068423
9152348076
9358647120
9864731052
9371024568
9273150846
9657341280
9863754120
9547308621
9056483127
9405736128
9673824105
9146238750
9674123580
9205317684
9708346251
9761524803
9671458230
9576318042
9173568024
9704861253
9736182450
9368572410
9205476318
9176483025
9046371258
9025716384
9371042658
9613587204
9803276154
9327180546
9260158473
9485123760
9135760248
9078651243
9502618374
9153208467
9137204658
9174082365
9327415068
9847301526
9361247850
9052716438
9825764130
9431750862
9830624751
9421065378
9436210587
9506271483
9324761850
9826017543
9472016385
9781063452
9320754681
9504326187
9108347265
9032417856
9520738416
9746512308
9816273054
9872640513
9583246071
9821674530
9076852341
9531804726
9236841057
9251487306
9031764852
9342107658
9615042387
9281706453
9213570846
9374016528
9865432701
9126453087
9572368041
9632480571
9782140356
9684025317
9502617438
9328651407
9340158672
9418765023
9814670523
9524301687
9072136548
9256183074
9432506781
9576423180
9067248153
9860234715
9807612435
9452618370
9283674150
9652403871
9167523048
9320574618
9542780361
9501847263
9520386174
9768310245
9456701823
9263714805
9041786532
9083714562
9730824165
9251047863
9608251437
9127483506
9125764803
9516420378
9640812753
9310468275
9651034872
9708315642
9741658320
9142780365
9705382641
9402835617
9304168572
9387261045
9253876410
9123754806
9324510678
9160537842
9820315674
9164530872
9487563120
9752613840
9625107483
9857410326
9872540631
9257810463
9062517348
9541803276
9017253684
9831047265
9172340865
9532840716
9017258436
9762850143
9354260187
9241785630
9470135628
9256418703
9187462503
9145637280
9670348512
9125640873
9315470628
9208346517
9503461782
9786425310
9206145783
9570812463
9513486072
9765083124
9253706481
9048136752
9081356472
9324601857
9428356170
9056873412
9375480216
9581762340
9017382645
9204135687
9843175026
9853017264
9804532761
9042715368
9318625074
9267580134
9037261584
9156847230
9253674018
9478026153
9654372801
9345208167
9837214056
9531742860
9120753684
9148235076
9013627485
9410273685
9860173254
9418672053
9413768250
9145873062
9375861024
9458326170
9750123846
9870413562
9523741806
9671403852
9513684207
9276105483
9271654083
9476325810
9543260187
9720348156
9125836740
9153786204
9273684510
9462087135
9302451876
9253801764
9063485721
9432658170
9420813756
9032158467
9160238475
9154768302
9342765180
9482053761
9165407832
9365701824
9421360578
9712534086
9054683721
9253716480
9487105632
9205643178
9142578630
9186372450
9857304621
9680523741
9361084752
9142560873
9628705413
9364701285
9261084357
9184756320
9603175824
9173482605
9728603541
9523048617
9025637148
9058241367
9153046278
9213465087
9275046318
9850631274
9413625708
9260137854
9324718650
9145036782
9875306412
9618270543
9152380674
9052873164
9246803157
9075328146
9045163782
9675324180
9158746203
9513748062
9264810537
9381472506
9874530162
9586230147
9035647821
9731024658
9046725138
9351862407
9512463807
9236570814
9018634725
9723140685
9682417530
9102536478
9724108365
9413508276
9342815076
9341062758
9458617203
9048356172
9438162750
9643581270
9287463105
9258704136
9231460587
9450861273
9871624530
9231408765
9614857203
9658724301
9356014827
9816430572
9375684201
9365084217
9437201568
9318256407
9820615374
9803472651
9582347601
9246705831
9763015824
9023586417
9640357281
9637028541
9750231864
9123570864
9810574326
9163872405
9384167025
9786153402
9802541376
9586241703
9140237586
9841023576
9263048751
9042765381
9543170826
9861357240
9284750361
9723804165
9718356240
9176532480
9714258036
9716480532
9524601873
9628317450
9187023456
9052746138
9062834517
9267580134
9245187630
9148506723
9062571843
9417236850
9102368547
9143685720
9563071248
9248051376
9526874103
9825473160
9802513647
9037468125
9341782056
9617253408
9728504613
9152764083
9074815362
9473125608
9716034258
9287654013
9263580147
9752306814
9875021364
9680471235
9842316507
9450687321
9538610742
9852076413
9736058214
9207135648
9768521340
9247381650
9587012436
9851230476
9358170624
9056127438
9876501432
9806375412
9278604315
9061584723
9167083425
9630741825
9415360728
9073816452
9758304126
9256018347
9102745863
9371062854
9425186703
9354016287
9184526370
9284057136
9783065412
9508342617
9375802164
9256037841
9834216705
9065831742
9725038146
9738612450
9840175623
9870143625
9652710834
9328170654
9538201467
9160354278
9103456827
9125846037
9462051378
9245683170
9480127536
9130685274
9432871650
9827031645
9856401723
9456308172
9463521708
9852173604
9816507234
9086413752
9836451072
9135784602
9381457206
9082457613
9178540632
9123876504
9785340612
9215703864
9826357041
9734182605
9375128604
9123670845
9176230854
9408276351
9123460578
9054781263
9357620481
9357842016
9468173250
9465127380
9167823045
9547813062
9285103647
9803246571
9675140823
9073451826
9354062817
9618052374
9512703486
9620543187
9028137546
9015364827
9258706341
9207361845
9821547603
9213845076
9637085412
9456871302
9062148753
9147068523
9748162053
9372456180
9012734586
9047683521
9362851740
9074385162
9387620514
9031476528
9467108523
9243578016
9047368251
9801534726
9258316704
9285130764
9608437521
9706543128
9208136457
9013862745
9806143275
9427160358
9314876502
9035721864
9023876415
9852713604
9085427136
9105264873
9362581407
9845130762
9075186342
9714850263
9413287605
9083714526
9614278530
9186754203
9762481053
9408375612
9863054721
9605847312
9507831462
9710548623
9432680751
9845123760
9807431265
9106348257
9753246810
9305768142
9321758406
9210367584
9560312784
9107485326
9284703165
9086124357
9813054627
9021364857
9816207453
9705312846
9143820756
9721460385
9176085324
9468703512
9783406521
9604278351
9073586241
9781630425
9278354601
9740658321
9682531470
9745236108
9034678251
9641857023
9045371862
9308152467
9475820136
9783245160
9750432681
9628147035
9102347568
9204578613
9265083471
9250314768
9356417802
9370485612
9136475208
9041657328
9571684230
9862047531
9163250874
9613874520
9801526473
9381067452
9475821603
9625708413
9567042813
9281354670
9870164253
9175382064
9307254618
9736450281
9815430762
9672081435
9857164302
9351804762
9482107563
9158462370
9148357602
9347150286
9675438201
9417560238
9230185674
9146372580
9501682437
9385074162
9683724150
9247653801
9538720416
9051874326
9427056381
9560134782
9254083167
9870365214
9517426380
9357124608
9174205638
9450138672
9056873412
9427815360
9542683710
9726308154
9805316247
9820641375
9783516204
9283164507
9264357810
9745618023
9168734205
9350648172
9608347215
9120573846
9168435027
9653702814
9872135640
9482130567
9058726143
9483610725
9180752436
9052683741
9427856310
9547631820
9201645783
9271408635
9206357418
9852743106
9210875364
9807341256
9542061783
9758021364
9825043617
9568032471
9712504368
9714625083
9780621435
9261540837
9753106824
9876021345
9182043576
9850427361
9247018653
9153640782
9176538042
9582376140
9078543162
9481657203
9028513674
9534817206
9327841065
9360875124
9613875402
9248563107
9231860754
9624587103
9481075632
9638102754
9834216075
9740136825
9637124058
9710254683
9452106873
9251073486
9632501847
9037415682
9860735214
9704365182
9367841250
9461375082
9032648715
9538210647
9708652341
9512746803
9075416832
9521760834
9563280714
9274385601
9567108342
9062743581
9832156470
9241735680
9057341628
9268013745
9462750183
9857026314
9825316074
9315048267
9716028435
9182435067
9157238604
9152863047
9287410365
9023187465
9705284316
9647851023
9532107864
9521406387
9824051367
9782041536
9156837420
9763810245
9638427015
9607238514
9576184320
9140785326
9210786543
9280763415
9024731856
9582103746
9536208417
9761023548
9046238571
9374826150
9248630715
9378621504
9437852016
9726481305
9643025817
9305614872
9418507623
9260537418
9381264750
9473015268
9781346205
9630274851
9607452813
9608375142
9243861705
9376245108
9672180435
9316258074
9403815672
9427018365
9851370246
9540718326
9172350648
9641725038
9627185403
9725860431
9751263840
9178340256
9065184723
9035682471
9183742506
9580612743
9857104236
9102748653
9042718365
9361708542
9625741083
9712560834
9315678042
9172583460
9450867123
9032564781
9367152048
9462758031
9034286751
9872603541
9401378526
9203184657
9163275804
9012835764
9405638217
9316874025
9250814637
9185247306
9435021876
9605278431
9780514362
9042381576
9726853014
9801634257
9123784560
9708264531
9062743815
9735621084
9785314260
9723806415
9548037261
9864250713
9428057361
9635807241
9270854631
9610743825
9013827546
9102865347
9543687201
9425806173
9387640512
9710648523
9012648573
9320865741
9627305841
9715628430
9376285410
9236450871
9463052187
9018465732
9675230481
9165280743
9184576203
9716423805
9408352167
9167382045
9486215703
9785214036
9248716530
9034182765
9047235681
9514067832
9865420371
9127568043
9684302571
9027451863
9603852714
9827604531
9413567280
9825416730
9738214560
9261708453
9201346875
9182670534
9206517438
9725436108
9354621870
9670384125
9805642713
9728304561
9206384715
9052671834
9647258031
9068741523
9346507821
9438625170
9308165274
9240613578
9123854076
9374601852
9456072138
9450183672
9207354861
9208357164
9208715643
9876012534
9261407583
9120867435
9801564273
9174263580
9306258417
9420158376
9452683071
9057436821
9682451307
9045321867
9875043162
9480165237
9703528146
9675832041
9830526714
9280173564
9174820536
9145083726
9084256173
9602751843
9750384216
9615287043
9085742136
9146802537
9830146527
9540627831
9728531046
9106528437
9672035418
9506781243
9634157082
9452076831
9410578623
9610853742
9426875310
9650437182
9034176258
9357064281
9452307816
9410526873
9478053216
9724150638
9781602543
9358627410
9357612480
9785214603
9046285317
9346082751
9241357068
9023541768
9258410763
9481027635
9053876214
9174862053
9860745213
9406235187
9015487632
9546832170
9784013265
9527018436
9487210365
9845672301
9645071283
9728043561
9368045172
9123475608
9087351246
9023418765
9503241678
9120483576
9384015627
9256180734
9651280743
9715648203
9364105728
9265371084
9362041785
9631528047
9142870365
9705461328
9810743652
9210468537
9078521643
9506178432
9182470635
9480273651
9564013782
9586317240
9713824056
9206374581
9613058472
9214705863
9053174628
9340286175
9065732184
9450826173
9287065143
9158237046
9705314286
9678351420
9680154372
9640138257
9521874630
9053816427
9623701485
9642038517
9521870643
9074813562
9506137428
9263570184
9247651803
9784061523
9285406173
9824367150
9065781243
9467305821
9510874362
9502481637
9845610372
9230846751
9503128467
9548126370
9048671352
9152867034
9738154260
9375268041
9178635240
9053482761
9328654107
9015864237
9658734120
9708415236
9234018567
9461087523
9607243518
9153842076
9675324801
9204356817
9634128705
9034876125
9760432851
9031246875
9478510362
9752340186
9380451672
9104376582
9378241506
9621835470
9851304762
9103426875
9724836105
9821604573
9756243108
9874062513
9761834502
9732608541
9561487032
9805762143
9258034671
9302871546
9547283160
9075163842
9253164870
9561034278
9685413720
9824563701
9416582037
9283410657
9543670128
9163824057
9856034721
9327140865
9857124306
9043675182
9285043167
9128307465
9785461230
9638205417
9315270684
9041826735
9314856720
9518342067
9081624753
9418065372
9207865341
9714805326
9320185476
9071258463
9347682501
9562731480
9623187405
9086234715
9152036784
9026871435
9230467518
9503784216
9175032468
9835712460
9450123786
9106528473
9278165430
9721386054
9471305862
9152308467
9648301275
9265438170
9720354168
9720543186
9356872401
9167240835
9674382015
9851476203
9587632014
9874103625
9243075168
9814567023
9763251084
9853412607
9371246058
9876513420
9385274160
9541386027
9805423761
9861340257
9460738521
9731580642
9176325804
9430875612
9274531608
9045613782
9740652183
9673582410
9236541870
9370851462
9871536024
9087231456
9786541032
9573401628
9627410835
9251436708
9152407683
9603782145
9103265478
9653271408
9214506837
9650281473
9127406853
9178536042
9752813064
9326085714
9310764825
9736052841
9501236487
9061273584
9610285437
9586473021
9465870123
9821576403
9238671045
9658234710
9406351827
9536480127
9837156042
9518230764
9183245760
9172458036
9486075132
9785314260
9784126305
9614328570
9713082546
9237658014
9478065312
9568213047
9834012567
9847263105
9021347586
9610457832
9051278364
9350241678
9672041583
9601485372
9143086725
9812750643
9507362148
9387510624
9715364028
9416872503
9485027613
9513487620
9310826574
9347508216
9485137602
9107264385
9473128650
9760418523
9081574326
9051278463
9873146205
9450127683
9708625134
9385206147
9673541028
9523418067
9248057163
9820564371
9614038752
9216438705
9862540713
9653187402
9314706825
9870234561
9704326815
9524618370
9563804127
9148573620
9037421658
9216387045
9348125067
9251430786
9871260534
9152403876
9562780431
9268471053
9538074216
9608154273
9830725416
9512638047
9240753618
9430157682
9423750861
9543176028
9824037615
9463587120
9265387104
9062435781
9251047863
9750283614
9260375184
9137240856
9158634027
9853741206
9145867032
9813264057
9681043725
9621358407
9483716520
9321457068
9450638172
9803174526
9172350486
9840736215
9817405236
9678130542
9104286375
9253486170
9745038261
9832014576
9784056213
9750864132
9402675831
9352017864
9256310487
9670415328
9173268540
9283541076
9538724601
9617824503
9307861245
9708615234
9267540381
9025748361
9043827156
9785326041
9380465271
9450831276
9485306721
9467325801
9732815046
9658420173
9547618023
9406138572
9351260847
9328514067
9213805746
9164307285
9482165073
9270834615
9670458312
9361482570
9635871204
9203718465
9567041382
9160852734
9210673854
9617385240
9031278546
9387164520
9416037582
9614532078
9832706514
9650284371
9485673210
9620578143
9371408256
9462517038
9014857326
9521874360
9627841503
9621057483
9364120875
9615038724
9853426107
9670125843
9382710546
9024781356
9018326754
9504231768
9726145803
9724163085
9425107368
9401563782
9714856032
9480572613
9182754630
9504372681
9248536710
9420768531
9362174580
9675340182
9265043187
9814706235
9534287061
9435218760
9025187643
9841352076
9153827460
9084126573
9064823517
9721534608
9802735164
9046132857
9762345801
9405826137
9315042687
9058613472
9487160532
9561382470
9561432087
9305178246
9074153826
9174826305
9472308165
9034186257
9260137458
9782051436
9246851730
9075624138
9724083516
9657431208
9104765238
9081254736
9057248631
9812346057
9126437805
9503271864
9861270543
9023687514
9164825703
9127085463
9728106543
9260837154
9384216570
9246013785
9687514032
9837402651
9320514786
9831247506
9216574038
9764138520
9528340176
9843721650
9215783046
9423578016
9563072481
9734605281
9087361452
9861705342
9871065243
9034857612
9046381572
9074823156
9678142035
9365742810
9038712465
9748520316
9831425760
9740582613
9527864130
9014257836
9315048627
9730258164
9540738216
9684375102
9354761280
9730864512
9281635074
9728043165
9531082647
9810567324
9310725468
9831520647
9470132658
9074156823
9123578406
9165782034
9607148325
9638041527
9704612853
9170265843
9074812356
9376518402
9406531278
9035671824
9840325761
9210385764
9354260178
9185364207
9087162435
9564038712
9364102785
9186574023
9085236714
9074152386
9372651048
9126548307
9815427603
9483657021
9054276831
9852367140
9032716854
9684127035
9028576143
9085172346
9601582734
9814537206
9304261857
9025743186
9065187342
9675804213
9856132470
9620734815
9250364178
9160354278
9830217654
9287156430
9253768014
9271463580
9412635078
9867203514
9532817046
9164752380
9082317465
9174235608
9358240167
9856034271
9056874213
9734618205
9814052376
9531064827
9314652870
9072315846
9208345671
9207584163
9271830564
9143807652
9607513248
9207134568
9364205718
9173845602
9763581420
9278064315
9314702658
9631405728
9175803624
9165347208
9501274836
9827501346
9103487562
9416273058
9052381476
9438605127
9285736410
9584276103
9854127063
9587042163
9140625378
9715634802
9204786135
9154362807
9214703658
9576023148
9612058374
9631257048
9102574863
9375624108
9721038546
9637501248
9842560173
9351068274
9164058723
9176805234
9756013482
9045382167
9162705834
9842710653
9284571360
9402763158
9216547380
9720516483
9514270683
9156843720
9450126783
9042736158
9735864102
9756234081
9780461235
9167230458
9761048532
9356427108
9168275430
9572381604
9256187043
9274506813
9782105436
9162753048
9012856473
9607428351
9483715062
9142658703
9507846132
9385724061
9278563014
9245167830
9023568471
9542786130
9870654213
9425681073
9325041678
9540321687
9852617430
9361845207
9540762138
9801753462
9426153708
9603782145
9726814035
9856312407
9274368510
9016457283
9023561847
9384761250
9187043526
9723608154
9643085217
9720816354
9832714506
9231456087
9157348206
9012483657
9230658147
9518207643
9276038541
9728615403
9623457018
9358417026
9782316045
9405837162
9468310752
9104768352
9503746281
9216708435
9621387504
9156472083
9501387462
9510283764
9263571084
9184073625
9643578021
9120463587
9570413628
9280731654
9123064857
9451073268
9027836415
9162453078
9275018643
9315470286
9104726583
9743860215
9720681435
9861245370
9753148062
9521076843
9025678134
9701435268
9062415873
9470381562
9815062437
9560837142
9703286154
9512046387
9608342157
9547083612
9765813420
9046725831
9240517683
9520367418
9564201873
9382174065
9586721034
9546130728
9526084731
9673850421
9781654302
9837140526
9825367014
9325710648
9301687254
9324758061
9174360582
9845126037
9543708612
9706483215
9728046135
9142786503
9253480176
9042756318
9801265374
9345781026
9762851340
9054237168
9832054761
9621840537
9268037415
9407316582
9051426387
9380742615
9413805726
9583216407
9312470586
9237465018
9476518230
9683205417
9354082671
9482065173
9051367248
9074631285
9145638027
9540186723
9827106534
9208136547
9530168742
9164352807
9753201864
9082457613
9182460753
9708564132
9503864712
9563784120
9248751630
9871250436
9760214538
9483207516
9467023851
9246805137
9638254701
9875364021
9302574168
9083472165
9724681053
9056742318
9043268517
9748130625
9285016743
9301746825
9840736215
9873156204
9346812705
9017354286
9761483502
9381074256
9158630427
9403215678
9420573618
9028371456
9806753142
9081324657
9358461702
9740128365
9836105742
9301756824
9836712405
9402538761
9408162357
9057631284
9721538640
9216357084
9601728534
9052478631
9213467580
9231640578
9253401867
9025683471
9816427035
9184037526
9871046523
9710462385
9410263587
9015748632
9478216305
9718503426
9603845217
9738421065
9247168053
9357684012
9684125037
9245306871
9085426173
9583267104
9150742836
9573280164
9052134687
9764281053
9524081367
9213584067
9536124780
9807261345
9805431726
9760842153
9130576482
9170652348
9847326150
9042716358
9805264317
9764032851
9207456813
9680274153
9853271046
9804237516
9126437805
9856203714
9261073458
9104536872
9537410628
9173280654
9015348276
9765124380
9576432081
9615284703
9307256814
9257803641
9681342750
9782301456
9213806547
9618437250
9327861054
9057423186
9658734210
9145063287
9582137640
9347620185
9345621780
9631487502
9401765328
9785241063
9280513467
9167804325
9251786043
9703548612
9762853401
9843612570
9742136058
9653210847
9253601478
9165702348
9643507281
9105786423
9048361752
9014685732
9804561723
9125486037
9148526073
9458206137
9842105673
9316542078
9578634012
9528436017
9028374165
9058147326
9873452016
9726053841
9426538710
9314280567
9504316827
9062837541
9743501826
9304621587
9685432701
9034615278
9542870163
9623840715
9158204736
9461287305
9283015746
9645810732
9104762385
9271843560
9763285014
9763514082
9028654371
9617530248
9871260534
9418705326
9265084731
9423560187
9768205134
9185026734
9874315260
9367108542
9350867142
9403521876
9463875012
9510836247
9852670143
9504623178
9612507843
9418625370
9263571804
9571608234
9327564081
9053286714
9158702643
9863740152
9501627438
9536270418
9637158402
9253817046
9460328175
9825307461
9186253470
9286351704
9475826103
9632450718
9327165840
9125637084
9674851203
9018263547
9817650342
9206841357
9872306514
9257601348
9857041236
9086152374
9581264730
9125670483
9578360142
9618432570
9468201357
9321685047
9326548701
9450318762
9458076132
9410382765
9014275638
9826470351
9108643725
9641578230
9528301467
9024857316
9541367208
9514082673
9380564217
9463081572
9867125340
9064358271
9467351280
9512384076
9126540837
9506184732
9368015247
9543876120
9368245170
9163025784
9376418502
9520871364
9234157680
9120436785
9861750342
9503748612
9680571234
9541630782
9760523418
9045268713
9751082436
9501342867
9516273048
9081236745
9325014678
9381627054
9312467058
9180267354
9425376081
9736421508
9764013852
9285436710
9135078426
9501682374
9561284370
9245807361
9248713605
9872560431
9473028156
9163582074
9781604523
9123684057
9067851423
9213784560
9137405286
9065214738
9754312860
9378246510
9375861402
9482531067
9857214360
9513604827
9708564231
9083546712
9342186075
9236105487
9371405268
9314852670
9248715063
9347810265
9685103742
9370612845
9308127654
9150842376
9207345618
9354702816
9245860713
9047621583
9046318275
9135062847
9025164378
9742316850
9327064815
9608253174
9234186705
9671052348
9854673102
9351084672
9206174385
9705681342
9540716238
9680453721
9042758136
9781263405
9250863714
9852143067
9852103647
9273186504
9715084632
9534061728
9586031274
9561027834
9258340167
9351847206
9685237104
9618230754
9187302456
9460821753
9613280754
9653128704
9257031846
9354826107
9180235467
9183640257
9183270564
9408325167
9824071536
9642081735
9325860417
9860527431
9764308251
9623185470
9148260375
9124536870
9374015862
9173062458
9362018745
9328704165
9248530716
9280375164
9018342756
9452106873
9670158324
9053784126
9137582460
9847523160
9784025631
9620387154
9278601354
9235814067
9274035168
9150436827
9087246351
9853764102
9506324871
9807613254
9856027143
9587320461
9875603241
9345761820
9712350864
9482610375
9261348705
9054812673
9516087234
9367580142
9072863145
9162085437
9215408763
9401657832
9037561842
9054386217
9084512736
9630281475
9154763028
9413056728
9680237145
9573640128
9870165432
9071264853
9348160572
9540136827
9286714530
9201385674
9716085324
9756483210
9278150643
9431256087
9408631527
9250641387
9378120546
9048176235
9623157408
9634801725
9512673408
9028371564
9710532846
9748630512
9234561087
9547831620
9685041237
9567380412
9710254386
9872043516
9072581643
9214085673
9835274061
9745283601
9751268403
9285743016
9052167384
9360812745
9283607514
9253840671
9036124875
9012546387
9463705218
9381604752
9142783650
9327851640
9826057413
9863241705
9805273614
9035872164
9854732160
9026318745
9082571643
9071584236
9253140678
9670382154
9074138265
9416738502
9328741506
9703812465
9253764081
9027418563
9178532064
9076481253
9543718062
9602483571
9683047521
9172684350
9425630817
9253146708
9304572168
9012753486
9587304126
9520138647
9610273485
9264081573
9803652741
9480631275
9735246081
9630712485
9041857263
9130486752
9408172536
9513024768
9520314876
9362417508
9054872361
9216748053
9243610578
9316780542
9428317506
9836541207
9380512746
9405763812
9263540187
9371260458
9768145203
9246378015
9563782041
9713645820
9512603847
9241870563
9043721685
9763518042
9652038174
9871250346
9842315076
9056283471
9324851607
9126745083
9540263871
9416872503
9564738210
9280657134
9784206513
9162837045
9158623470
9758310264
9278314065
9610872435
9487023651
9472086513
9085261374
9068347152
9746132508
9527843016
9850261347
9218754063
9851467032
9846125037
9834752061
9230678415
9785204163
9643275081
9078164253
9671083245
9265143087
9063482715
9475268130
9048521763
9452601738
9706314528
9350724186
9312608547
9738251640
9036427185
9735460821
9563217840
9217603845
9305472681
9067321548
9274615803
9486217035
9567028413
9617450238
9167532480
9734582106
9047165283
9647130582
9673814250
9215867304
9601752834
9138247605
9135678204
9352061478
9375482061
9240658731
9204513687
9031862745
9573184026
9730214856
9825047316
9731260485
9820643715
9507428361
9504736812
9804723516
9834571026
9852637104
9043627518
9065381274
9432610857
9216407385
9457628013
9632085471
9254781603
9614238075
9861032745
9043825176
9350216784
9607245318
9412056378
9756012483
9852764130
9284657130
9437560821
9527314068
9630487125
9304157286
9163580274
9736240815
9135270648
9480651327
9068735142
9637254810
9025461738
9134520786
9820731546
9360542187
9741568023
9840215376
9064182375
9406523817
9543127860
9384056127
9530261784
9531782064
9712348056
9072483615
9708312465
9457038621
9730518462
9862714305
9481072635
9480751362
9736582140
9582074361
9581732406
9235871640
9871536420
9431765208
9256140387
9015376248
9601782534
9532704816
9721054368
9026435781
9861723054
9326745801
9083761542
9082164573
9026754183
9281073645
9231456708
9531674082
9423875106
9015248376
9725014386
9827415360
9324501786
9510724638
9071258463
9358172064
9064732851
9752043186
9218740563
9048153627
9628175403
9471263850
9254107386
9478630152
9126735084
9648125073
9283047651
9124376058
9152867304
9371048652
9268150347
9461038257
9017834256
9053284761
9176803524
9057618342
9587042613
9214587360
9564781320
9641257830
9043216587
9603782451
9283156074
9743582601
9128036457
9318467025
9827136405
9836175420
9143687025
9725148063
9158647203
9765013248
9016735824
9354087621
9715263804
9024318567
9372451806
9438025167
9281573640
9624175830
9625387041
9613275840
9632410857
9054713286
9714356280
9176024583
9854372061
9253861074
9805462173
9781064523
9208673514
9475831602
9487231506
9187036452
9487562013
9508732416
9057412368
9258160347
9508632471
9130742658
9473012856
9481506327
9342108657
9813750264
9465372081
9210835674
9827634015
9350671842
9713460852
9483150726
9316724085
9872635014
9542360781
9723580461
9136457082
9412503786
9413250678
9847136205
9140853762
9286437051
9107235468
9340672518
9361785402
9183564072
9027356481
9037816542
9150376248
9647580321
9754602318
9653041728
9630524187
9302658741
9216708354
9823460571
9604758123
9736815240
9043827165
9653712480
9634720815
9482537160
9358207146
9716205834
9180457236
9057638421
9508247631
9253180674
9581470236
9854067321
9206748351
9013842567
9864075231
9243706518
9207465813
9057314268
9342067518
9752368410
9162704358
9317245806
9085317264
9472385016
9846532710
9871250463
9723658104
9845201367
9216830745
9826713504
9536781240
9147836205
9347280651
9078432165
9836574102
9803271564
9347820615
9108265473
9516832407
9408267135
9821530467
9075136482
9806153472
9518724603
9285173640
9614025738
9738160425
9623457801
9405318672
9630845217
9213870564
9102347658
9753281406
9153724068
9851263074
9452167038
9645201738
9081374625
9840172536
9574621830
9021347586
9713058624
9526108743
9804371256
9052438671
9560241873
9536178042
9807143526
9706328451
9824063157
9843027156
9642781350
9783126504
9365274018
9642708153
9134765208
9172560438
9285431670
9430851672
9184025736
9817503462
9374860521
9164087523
9783542061
9483752016
9742058631
9127308465
9207485316
9145768023
9207146583
9543276081
9364107582
9871352604
9874602315
9230741856
9385621074
9503684127
9268075134
9062457183
9165427083
9416720538
9124650387
9015783426
9137462058
9407183256
9365027184
9135602784
9074635821
9824670315
9358127604
9508712463
9708462531
9710432586
9175406283
9451238706
9452061738
9683120457
9476382051
9725083146
9786253140
9281705643
9536820741
9561802743
9502187436
9034675281
9270845631
9687032145
9268314075
9857263140
9854103267
9806572143
9703214658
9432106875
9025314678
9832174560
9376418205
9847603521
9850716432
9837260541
9341068275
9058143267
9568724013
9320861547
9268413570
9560412738
9128645703
9826705143
9280745136
9570462813
9547136028
9380576124
9235618074
9718423506
9125638047
9618235470
9230678154
9285607134
9705861234
9351876240
9146853702
9327564081
9780632145
9146738025
9602381475
9427061358
9401582637
9762504831
9082143657
9437218650
9748062531
9875263104
9657048231
9423170856
9835617402
9483501627
9107358264
9726530418
9402538167
9320465781
9173028465
9672083154
9251483067
9013458726
9420563178
9410278536
9018764253
9408236175
9674320581
9854271306
9732845160
9246170358
9385264701
9753240618
9571823460
9356870142
9731240568
9034261875
9528634701
9253147086
9305167842
9510643287
9528136407
9347601852
9501843267
9470358162
9053286471
9780451263
9176348502
9503764281
9541786032
9240681375
9045316728
9728360154
9582374601
9514306278
9675438012
9056243781
9837605142
9408712653
9018537246
9013678254
9768315240
9813056724
9185376024
9513406872
9547206381
9245087613
9836250741
9531824760
9381256470
9015486327
9072614583
9625013748
9360572418
9061827543
9138765420
9841572603
9546012837
9504173682
9861274035
9321480675
9540237168
9047325816
9614503728
9134780562
9457628310
9720581634
9563180247
9760423815
9347826150
9180637452
9048276351
9308176425
9250371486
9037152486
9063284517
9874361205
9276130548
9643015782
9157806432
9163052748
9438527106
9874236510
9548326107
9014567832
9348572016
9175203864
9638170542
9278605413
9847562130
9420517638
9240518736
9152680743
9610234875
9815307246
9250431687
9475210836
9286513047
9837654210
9047861325
9428503761
9062573148
9712506834
9865032471
9150463287
9364812705
9163420578
9532764018
9402378516
9624781530
9625387401
9658120473
9831456027
9014875632
9354086721
9281603754
9613487205
9802641753
9531720864
9725361084
9031452786
9058612743
9734861250
9605741823
9708132645
9763108254
9043275816
9034812576
9054187623
9750341862
9342061587
9871342650
9062874513
9143268057
9063741582
9320815647
9876251430
9327618504
9387051426
9248630751
9081472536
9107563824
9286430517
9635207148
9475108362
9352478160
9103847652
9405287163
9321875406
9716238504
9625738410
9012345687
9473206185
9435127608
9381276504
9045718263
9418037265
9781025634
9307862451
9638451027
9603451728
9386270514
9371865420
9027635148
9127540386
9743608215
9273814056
9502367481
9810547632
9512463780
9350714826
9064518327
9768104352
9371248065
9807431625
9236187054
9254307816
9408532167
9352816407
9472310658
9143260785
9250478361
9615847230
9215463780
9056413827
9248136750
9815604372
9580362471
9340172865
9312786450
9085627134
9468253107
9302768415
9864102537
9671524380
9352074186
9168537240
9362851047
9287514036
9862540317
9653024178
9061825437
9572360481
9870341526
9521074863
9812576034
9216405783
9453271680
9276301854
9258674013
9537620418
9217543680
9761208453
9426057138
9635178402
9782364510
9876543201
9803641572
9753602481
9630478152
9274105836
9145086372
9043726185
9158702463
9384075162
9540863172
9640312875
9730246518
9672183045
9726584130
9365841702
9328607451
9563082471
9704563281
9872514306
9674128503
9651874203
9357410682
9851403726
9645201378
9843216507
9532610784
9340856217
9540217836
9632184075
9205748361
9325704186
9701836425
9187603542
9673854012
9817536204
9415367028
9702516834
9286730145
9502681734
9453068127
9025743861
9152807634
9465123807
9753206148
9583401672
9357024816
9631784052
9401358267
9340281675
9287356140
9481260573
9123406857
9178502436
9057361842
9573860412
9068125734
9347261805
9561304278
9574106238
9820145637
9861423075
9203617584
9731586402
9205463178
9316258740
9476203158
9271365048
9356081472
9816045327
9253608417
9467128305
9582630471
9548130672
9873410562
9176305428
9862071435
9754136082
9358407216
9820145367
9325764081
9082571364
9180652374
9654708213
9584106732
9264358710
9532068741
9478365201
9683250417
9528601473
9718504263
9716248053
9172684350
9816354072
9754360218
9172680534
9468057312
9681032745
9560241738
9071328465
9528017463
9186742530
9360187425
9271340856
9182047563
9513824067
9803241576
9673108425
9634028175
9452670138
9207518643
9672451308
9164807325
9841037625
9257346810
9432651708
9340165827
9231850674
9320581467
9076258341
9806543217
9581403672
9513084267
9630758124
9542631078
9706425183
9415023768
9347620851
9174620358
9265348107
9342718605
9874250136
9736014285
9671285430
9564028173
9375682041
9715243806
9137546280
9017483526
9785126430
9862510437
9270135846
9072186345
9680712345
9635812047
9083526741
9837246150
9238475160
9237651804
9810675324
9480275316
9034768521
9314560278
9506372148
9721043685
9860571243
9087514326
9718603254
9237051486
9587631420
9462731850
9013526874
9310548276
9507314286
9234680517
9012673458
9468307152
9280367541
9325641078
9621438750
9813740625
9078431256
9754123860
9086471325
9246135780
9018743652
9081247536
9056817432
9785642013
9710653824
9140275368
9813245706
9236541780
9326108574
9173268450
9257681043
9875261430
9368412705
9573024816
9524608371
9473562081
9037251468
9340187562
9205673418
9183760542
9062715834
9431786250
9438672510
9431625708
9356478021
9730281546
9204715386
9326170548
9701435682
9023867415
9217683045
9241763508
9701382564
9158207463
9147268053
9853476120
9054632871
9053267814
9613872450
9856230147
9236147850
9137826450
9254130786
9854726130
9651083247
9524736180
9628173450
9675432108
9865014732
9256417038
9146807235
9271360854
9046235178
9467130528
9485210763
9465273801
9351628704
