4263785091
4513782096
4819036752
4180629735
4192576803
4617509283
4678213590
4093672185
4893072561
4071283569
4238965071
4901567382
4862930571
4968251370
4638750291
4528167309
4287905163
4310675982
4729056183
4903567812
4613957208
4357260891
4853709261
4390782516
4053619872
4958706231
4285936017
4305219786
4503697182
4805327619
4589127036
4529173806
4751896203
4501398267
4210935768
4185097623
4079362815
4519738026
4681590372
4019652873
4890321657
4593172806
4608359217
4712835690
4759682310
4630257891
4019356278
4528396701
4295806713
4756380219
4286715903
4738901265
4930512876
4593802716
4107562389
4530918267
4173692508
4058613279
4518923076
4738590126
4593802617
4057923186
4835170629
4875290361
4537219860
4928135607
4920537861
4230789156
4960721358
4601379852
4562378091
4936075281
4251068793
4560123987
4580792316
4531076829
4093578126
4298573601
4128605739
4895627031
4693720185
4950371862
4982617035
4589713026
4029537168
4910385627
4576083219
4312697508
4591673028
4512608973
4291306875
4362157980
4709261358
4821593760
4879301652
4720519638
4376192580
4638952710
4291687530
4095372168
4358701926
4682397510
4351978260
4062359718
4923786015
4280516397
4690513782
4302897615
4280659317
4258307196
4038196725
4276015389
4719802563
4025318967
4259301687
4983561072
4598627013
4820135967
4832169705
4385761902
4906875132
4890513672
4096217385
4952361708
4102953867
4316905872
4902851673
4350786192
4896327150
4569210783
4013297586
4527361809
4971085362
4815627039
4709653812
4618709523
4219675830
4091582367
4290136875
4601239578
4286397501
4938125760
4238019675
4617890523
4132608975
4358907612
4501893762
4786293150
4598217036
4027968135
4510238697
4293618507
4761305892
4285306791
4130798256
4810953672
4975238016
4910576832
4836029751
4793518062
4265738901
4573986021
4570186239
4280693751
4026719538
4203817965
4219580736
4708261593
4306581729
4610523879
4173596028
4259017863
4391057286
4182705936
4635209817
4759132086
4079231586
4328905176
4369250178
4512630987
4732169085
4962301857
4510329786
4078635129
4039127856
4962570381
4159670832
4597068321
4312875609
4085193762
4396108572
4362150987
4291768035
4791028563
4285601973
4523091768
4196285073
4612735089
4379561208
4627098135
4705683219
4327689150
4907128536
4081236957
4560328971
4683701592
4312695807
4862531097
4389125706
4620857139
4350269718
4059361827
4109857263
4385697210
4370952816
4293807651
4792658301
4328069715
4983752610
4615097238
4350678219
4507916328
4625039178
4673512089
4082376159
4201589673
4590286317
4039168752
4280593671
4381965207
4967138250
4598213706
4602139785
4539128607
4019682375
4701523698
4236750981
4253178906
4028635791
4096125738
4195603827
4809721365
4693187502
4756891023
4659021837
4309658172
4237059681
4960278153
4507298163
4178250963
4175906328
4620513897
4806379251
4381526970
4571396082
4315780269
4538721096
4523910876
4172063859
4163785290
4960781235
4207916358
4967580132
4723196508
4651238790
4172896530
4512608379
4685713092
4120639587
4675302198
4721960385
4083259761
4519278630
4809763521
4268537109
4079256831
4385209176
4253168097
4593276801
4621038795
4760213895
4257930861
4753109826
4809175326
4631028759
4291863570
4708532169
4857602139
4236985071
4620935817
4602381759
4257980136
4952673180
4028613957
4630521978
4927085361
4128657039
4615708932
4712960538
4721653089
4097652381
4092185376
4985376201
4816735092
4069153278
4876935102
4673295180
4729836105
4852760193
4719562830
4163802759
4735681902
4058693217
4785261039
4260153987
4251069738
4985062713
4709586132
4526107389
4378016295
4965830217
4059827361
4238709516
4982510763
4156832907
4693802517
4918376052
4903728516
4059816723
4120865793
4895071623
4726931058
4517296380
4386751290
4932078165
4986752310
4385609172
4187609325
4876952301
4870251693
4807162539
4692517308
4276091853
4091728563
4163985207
4615308729
4581079326
4165702938
4519087326
4306819572
4203917856
4517096832
4950613872
4217369580
4519207836
4897205316
4267803951
4637192850
4921078356
4693058271
4873169520
4697120835
4813597206
4590682371
4360278195
4015723986
4206975138
4702839561
4038692157
4791560238
4856073291
4536792081
4670589231
4765913082
4612790853
4510368927
4269738105
4176285309
4301768529
4619837520
4782305196
4086351927
4709351286
4859012736
4852396170
4157093286
4196208753
4632870519
4018796523
4175936082
4530279168
4258796310
4813756029
4105732896
4715329608
4609352187
4109583627
4517830296
4371620598
4205187963
4396285701
4095318276
4781063259
4680329517
4251780936
4675109382
4718695032
4396208157
4125380967
4958263017
4531628097
4596217038
4679283510
4816203795
4693271085
4827053619
4796821305
4017932685
4039187652
4576289013
4317826950
4278605931
4027539816
4387061259
4129508637
4895607321
4615092873
4895063721
4125390867
4812753069
4102583697
4103592786
4067381259
4835210769
4039682715
4083562971
4612730985
4506231897
4196782305
4725916830
4857920361
4381506297
4250961738
4369258701
4506238971
4936702518
4158029376
4872530691
4082917365
4967358021
4253896071
4201637985
4278561903
4325906871
4921307586
4583061297
4293765810
4170926853
4859021376
4798265310
4813692075
4297058316
4987501236
4519387026
4792508613
4639207158
4192786503
4263581709
4903782561
4536279081
4987651302
4305912678
4957061823
4037198625
4328975610
4830762951
4253701968
4302789516
4819632570
4056392817
4079152638
4107396258
4385970612
4768092153
4106932857
4710985623
4215369078
4579102836
4938250761
4978013652
4701936852
4635987102
4510786923
4158923670
4208519763
4285096371
4926851370
4765093182
4902568137
4860391275
4905381762
4756328901
4925368017
4708135962
4729185306
4875016923
4805912376
4530168792
4985712630
4813625790
4732869510
4956823017
4051823769
4912708356
4978051236
4873615209
4172835096
4215608397
4160592387
4250987316
4167985302
4683279510
4753189206
4301827659
4576381092
4731826590
4603751892
4312987605
4180635927
4817023965
4612079835
4531769082
4380915762
4126895370
4019675832
4832690175
4351068927
4301296758
4157962083
4967581230
4083697215
4712605938
4621907835
4918237605
4956210783
4261905738
4920561783
4120576893
4953782106
4837591602
4835609217
4851607932
4905371862
4136258907
4709381526
4723816905
4957862310
4307568921
4061538279
4365927081
4137920658
4673802195
4186350297
4136527809
4368507192
4062518379
4389762105
4392085761
4930157682
4289706315
4798365012
4357281906
4781325609
4560921738
4062873915
4950367281
4896317205
4890527163
4715906823
4213078956
4108259736
4038291765
4810695237
4107835296
4920578163
4109652837
4196053728
4679025318
4670358129
4563987012
4830951276
4830261957
4013829567
4069713825
4529103687
4815236907
4023186957
4093251687
4091378526
4037189562
4801532796
4765209831
4736891052
4069351872
4653720918
4931587260
4109358267
4520367918
4762053819
4871365920
4509367281
4863502179
4132089765
4019758632
4307159682
4213976580
4528397160
4170298365
4075968123
4629513780
4652713980
4531807629
4528763910
4618250397
4290163587
4095236187
4851796203
4178623059
4135902876
4378590126
4280136759
4975210863
4578091362
4507298361
4857362091
4516973028
4291850367
4380526791
4751698023
4652830719
4321978065
4378952160
4172395806
4187209563
4723851906
4983561207
4908173265
4638279015
4037289651
4075196823
4836079512
4380561297
4396021875
4307216985
4682791035
4019237586
4791823506
4719036825
4201796538
4960378215
4570691238
4853271690
4157932068
4906821537
4927305168
4570312698
4261375980
4631289705
4695172803
4386902175
4052687319
4021538697
4978520361
4582196307
4729538601
4350728916
4739821650
4137620859
4975183026
4152903867
4962807531
4506379821
4510682379
4836592017
4138605297
4687193250
4317590268
4386102975
4915072638
4720918536
4823016597
4270651983
4173258690
4951736280
4702531869
4809257361
4053286197
4895160273
4306792158
4196827305
4961352087
4175036829
4231905876
4950231876
4801532679
4306592187
4716953802
4076125983
4602739185
4925713608
4309586271
4273598601
4026831579
4703261589
4169302578
4359618270
4170265893
4603172895
4573289601
4561783092
4062817593
4865031972
4832061597
4615379082
4150792836
4593102867
4209681537
4260978135
4796305821
4958617023
4518760239
4971023856
4378091526
4165237890
4731908652
4203156987
4213579680
4250317896
4735920681
4350612879
4526971803
4318906725
4023817596
4602178953
4235817609
4632875091
4685027139
4056371829
4687923501
4892750613
4379105286
4031869275
4651809237
4370695182
4238097651
4615037289
4316295078
4915270683
4906821573
4896570132
4823160975
4976825130
4785632910
4326810579
4820356971
4612530978
4962180357
4705918362
4621850937
4753128069
4052168379
4251086973
4970812356
4916783052
4173650829
4192758360
4071368529
4082956713
4127685903
4768125309
4968507132
4563982071
4105728369
4285617309
4581703296
4735910268
4237509681
4395026817
4810756239
4205319678
4098563712
4152370968
4786923105
4587916203
4276513809
4563817209
4271580369
4785361902
4165378209
4672950831
4517326980
4507129863
4670538192
4821530967
4389701265
4079185326
4018673259
4970152386
4906721835
4963581702
4783209615
4920853761
4625307819
4510832679
4791268035
4163259087
4561703892
4723081695
4036275891
4157309268
4817392506
4065917283
4608932751
4169087235
4039567821
4805739162
4013952768
4761803592
4297508316
4057381692
4631508297
4890512376
4705362918
4037289615
4396201578
4361082957
4719852360
4980723615
4752810396
4153076982
4208916753
4205716389
4809563217
4623901785
4169028753
4638105279
4689512730
4721053896
4631927580
4950381627
4673895210
4509823617
4783610529
4387519260
4056389127
4267581093
4328109567
4985036127
4720859163
4573120896
4213067985
4701638259
4278053169
4096175823
4025631879
4910825637
4632190587
4860357129
4507368129
4102536798
4526071893
4809762351
4651789302
4275863109
4869523071
4756920813
4128973056
4789126530
4602795183
4392071586
4837209165
4235967180
4802937615
4519703826
4736098521
4852319760
4065127389
4316708295
4192503768
4517369280
4058723961
4613890527
4760519823
4128365709
4853169027
4180736925
4295781360
4893026571
4157903286
4570869132
4673180295
4678039125
4081672539
4231698057
4018579326
4097518362
4913526870
4958263071
4156028379
4572189063
4538207169
4650132798
4392687501
4730985621
4893025176
4706915823
4036759812
4659123087
4621937508
4351786092
4635189207
4803725196
4130857926
4657302981
4359012867
4206581973
4863150927
4738512609
4260819753
4921783056
4859072136
4096723581
4379685012
4896703215
4507912863
4897653102
4718936520
4295067183
4375690218
4791638502
4602931578
4528760193
4573869120
4137208569
4026398517
4381092657
4156072839
4972806351
4876920135
4760532189
4809271356
4751263890
4952163708
4302981657
4258137960
4398712605
4817056239
4617253809
4915038267
4896015723
4306719285
4325189760
4531206978
4653910872
4081769325
4230516789
4350827961
4906381527
4859260137
4358721069
4695127803
4231795680
4983126507
4920871365
4538162079
4198057362
4718092563
4253109786
4260931857
4607395218
4023965781
4809253671
4703529186
4192085367
4073216985
4072386591
4572613980
4253610978
4651897230
4826703195
4293678501
4629381057
4206597381
4312589760
4576103829
4067839251
4186203579
4192706358
4789013265
4507193862
4207385916
4280359176
4197508632
4917235608
4571360298
4780621935
4671983025
4713582069
4961735820
4306912785
4709851326
4308561279
4657832910
4256719308
4736209815
4325891760
4293071586
4538976120
4327506981
4236590781
4209367815
4356201879
4810265739
4179532068
4038971562
4013279658
4289361057
4267193085
4263850791
4617035892
4398126507
4539087126
4896315270
4328571690
4527801693
4368019752
4509267813
4725986310
4890152376
4612758309
4831706295
4569837012
4356902718
4321860759
4795280631
4930578216
4251738069
4587319026
4905263781
4106892537
4518320679
4873265109
4801695723
4136598027
4369280517
4958031267
4968031257
4956728031
4517836209
4865319072
4590726813
4985761023
4926875130
4730962518
4281397065
4789156023
4316280957
4215709863
4105382976
4378519206
4173586920
4938705126
4703251896
4970186523
4579328601
4329015678
4230157698
4915726083
4752619083
4520769138
4182573609
4571380926
4697251830
4170659382
4630129578
4182597036
4629587310
4136275908
4857691203
4159683072
4687052319
4652381097
4538761029
4563728109
4619732085
4721839506
4563782901
4126079835
4235760819
4576890231
4560387291
4051682739
4251869730
4658730291
4275893061
4536872901
4067358219
4915738602
4163792508
4907256183
4179502368
4586721039
4310795682
4751809362
4697352810
4592087316
4863052719
4310269785
4821573690
4231765089
4376250981
4028537916
4569731028
4952136078
4095236187
4369051872
4806721935
4068932751
4391728560
4596381207
4376189250
4285961037
4169370852
4901836572
4026179835
4629178503
4728305619
4379120685
4675380192
4219705386
4907856213
4913260578
4675298103
4287159063
4625381079
4791832560
4798251306
4950268731
4086257139
4713985602
4013897265
4870319652
4521309867
4763502189
4182597063
4291307568
4728193560
4283079615
4516792083
4960132587
4653180927
4052371968
4216395078
4135729680
4926071385
4358192670
4852639107
4907832165
4329051786
4958037612
4875360291
4197356082
4290718536
4901658327
4795362018
4823169705
4357201896
4182307695
4860935172
4126930758
4150378296
4560813927
4325761908
4189752036
4075893261
4271608593
4016972835
4162097853
4371206895
4930726518
4107259683
4013657892
4621735890
4367259801
4837102659
4650279138
4325978016
4750619832
4798512063
4105793268
4378690521
4258690713
4361279580
4519037628
4813752609
4017926358
4038952176
4152689370
4071586923
4807235196
4507918362
4897230615
4165230897
4519380276
4820593617
4501367892
4271089365
4516329708
4036289715
4586091732
4928673150
4397852610
4801597623
4135920876
4952687310
4908736251
4209573816
4756390182
4390758621
4168793205
4856172930
4361708529
4328517690
4925806371
4102653879
4623058917
4053728196
4058632719
4923516870
4895160732
4281695307
4769051328
4023856791
4165829703
4230681957
4052638179
4512703689
4268153709
4062315789
4152680937
4976051823
4785690321
4397512860
4793286051
4721596380
4128670359
4136798052
4397025861
4791268530
4065391782
4386975021
4605137928
4307926851
4619325708
4791628035
4123597806
4715029368
4281905673
4392580176
4086539712
4130765298
4367928105
4285097316
4085792316
4530968127
4053962718
4567892103
4130986275
4109678253
4760953812
4382967105
4973250618
4659731280
4970135862
4812973560
4310285967
4531860297
4750829361
4310962785
4179385206
4631098257
4798635021
4913605872
4963875102
4129085736
4618570329
4853721609
4209351768
4813609725
4279851360
4579623108
4136958270
4287135960
4176589032
4120865793
4901385276
4590273861
4069817325
4061893275
4087596231
4236108759
4608795231
4760589132
4192306785
4128506937
4379156802
4265807319
4167509238
4290685317
4810925376
4163028597
4691257380
4093185627
4960287153
4685012937
4391086725
4503962187
4210593768
4398051762
4328651970
4178035926
4231805697
4075386219
4608951273
4089357261
4701529368
4320187659
4758396201
4035169872
4758209136
4691305278
4507829316
4801726359
4359108267
4835721690
4109756823
4278153690
4253861907
4860753129
4109387562
4216395780
4725193806
4932185760
4530178629
4796810352
4681027359
4628079315
4012658793
4036851279
4365810792
4352098716
4518603792
4325719086
4628103795
4726051839
4162038795
4168052739
4315879602
4269513780
4520179368
4857012963
4718269053
4530792186
4653981702
4326105789
4271593608
4071269583
4697815230
4195720863
4230569178
4096271583
4618057923
4093675182
4391286750
4723650981
4308295617
4372908561
4209581376
4851790326
4875016239
4295603187
4687251039
4712950683
4102753896
4390187625
4953726801
4876159203
4326085179
4139786250
4257638019
4023617598
4290768531
4638570291
4719635082
4638527190
4738615920
4680197235
4601753928
4928561370
4829501637
4870392156
4267891503
4682039751
4631280795
4198067325
4506397812
4697325801
4628701935
4803792156
4021875963
4672503918
4820371659
4571602398
4571036829
4613879250
4162980573
4976201835
4691503872
4256081973
4857190362
4153298607
4607938152
4693281507
4950167823
4172065983
4216839057
4503912786
4819765230
4250168379
4953061827
4796251830
4320719865
4037986152
4398725061
4962153708
4273196058
4150329876
4105893627
4280791365
4510398672
4501897326
4276901358
4960278351
4697310528
4509683721
4132869075
4209756183
4795602831
4175326890
4231509687
4810257639
4037821965
4691723058
4187206593
4361725908
4150362978
4307816925
4378925160
4802573916
4786031592
4873051296
4821970563
4056823917
4786293105
4617082539
4265019783
4762139580
4213957860
4502681793
4718563902
4126083795
4018375296
4781093625
4390271856
4563079182
4723908561
4193528760
4256801739
4051839672
4368175029
4375916820
4523796018
4157389026
4201956783
4572139860
4735612809
4718290563
4531027986
4902867531
4263179805
4358720961
4982570316
4132089567
4196587023
4582396710
4201978563
4582963170
4698120735
4250178963
4051798263
4056873291
4785062319
4938026571
4253168079
4179805263
4769350281
4016253879
4892365701
4175938620
4518602937
4193785620
4523169780
4258071369
4839026157
4751830296
4798620153
4819253706
4032758691
4865127039
4138957062
4980237165
4517206938
4531682790
4130758692
4912836507
4586932710
4160293578
4831967052
4618397250
4632590718
4921567083
4392861057
4581672039
4192380765
4801539627
4836017295
4730815692
4215609837
4789530216
4897306521
4091528367
4318257690
4317026859
4928357601
4059836172
4268531907
4123970685
4218790365
4659023187
4326087915
4958067132
4395016827
4895230761
4601285379
4921758063
4527036981
4235619807
4925306187
4853206791
4953201678
4237905618
4301679285
4825170639
4302619587
4561798023
4710692538
4839210567
4230851679
4213590867
4053612978
4960135782
4023519687
4291708536
4716803952
4697023158
4571682903
4038276195
4832560791
4652719038
4276915083
4309617852
4173065829
4269185307
4832107965
4903172685
4289675310
4361058297
4961375802
4573692081
4235701698
4726185039
4153920786
4082751936
4785639012
4753912608
4085927631
4586329170
4510983276
4298013657
4169527803
4605981237
4192687350
4862130597
4076398521
4203695178
4023675819
4380165279
4659278103
4519638720
4629570813
4713058629
4897103256
4219058367
4159763280
4807923156
4250368179
4697032185
4829013576
4103286597
4502891637
4852163907
4632157890
4095123678
4906837215
4852097361
4869701352
4275160983
4692053871
4089621735
4189062573
4071298365
4768915230
4308251796
4173826059
4791532806
4075691328
4781263059
4936208157
4381925607
4186037925
4328901567
4165809732
4517063982
4285791036
4039526871
4318762095
4108792356
4827153069
4307965821
4567813092
4369827015
4031978256
4096172835
4098563217
4517306298
4697803215
4012385697
4107593682
4957832601
4067928315
4387950612
4135286097
4817360259
4608713259
4251980376
4236187590
4830592167
4879063251
4235109786
4693580127
4032876915
4358706192
4792108563
4218509736
4918572630
4978560312
4507936821
4317258069
4891253067
4513672980
4830769125
4130796852
4165780392
4917236085
4710593268
4157902368
4175068293
4597862031
4396185720
4761035892
4978620135
4150962873
4738619052
4127856390
4596023718
4239765810
4958721063
4628709351
4076951238
4536871209
4381576029
4276590381
4570182936
4509736821
4986721530
4623785019
4702956318
4937861520
4632985107
4392658071
4268537901
4531726908
4127698035
4850791362
4812037695
4790152683
4391820657
4879215036
4605127839
4639510278
4879563102
4793025816
4258701963
4596182037
4836972051
4278390516
4915087236
4918765302
4308976125
4293560817
4810792365
4965782031
4953617082
4170293685
4781926305
4605387912
4527690831
4062718359
4938217056
4805369217
4901583762
4687305192
4607258913
4075912683
4093165287
4106257389
4768920135
4502387961
4608319275
4075319862
4637201958
4809251736
4901786253
4789562310
4582076391
4190536728
4850762139
4381062759
4520189673
4537602891
4569801237
4092761835
4790312586
4916380725
4372906815
4907631582
4829057613
4035921786
4231657890
4056739182
4357896102
4560319827
4912860753
4036715829
4682513790
4195076283
4017953862
4623507891
4692718035
4581360279
4129856307
4863792150
4369850712
4513709862
4592760183
4523078619
4698735021
4032857196
4268590173
4361089257
4316507289
4980351762
4615392780
4156280739
4739261580
4817523906
4729635081
4897023561
4138795620
4713568209
4319726085
4637519208
4962351870
4520318796
4582637190
4708236915
4895637012
4892705316
4389652107
4506912378
4261905387
4835729106
4356128790
4860791325
4052978136
4369018527
4823910567
4719602358
4172659308
4985760321
4219853670
4837526901
4018532697
4052786913
4193620857
4063981527
4072619853
4576038912
4829506137
4317859206
4169823570
4937821065
4076193528
4065719823
4367102958
4851603927
4753961208
4963218075
4513280679
4019587263
4173628509
4790612538
4168039275
4839175620
4576928301
4507386219
4267893015
4905218736
4639125780
4160529738
4892075316
4068321759
4637821590
4093586172
4160789325
4319582760
4513987026
4085179623
4718305629
4657201893
4973168052
4691870352
4013652789
4197805236
4532107869
4162830795
4971602358
4917328605
4067512839
4769258301
4532976081
4653289071
4926083715
4321960857
4678592013
4082573619
4379156028
4279035816
4760593821
4613027589
4827519630
4215687309
4216795803
4508397216
4971860523
4035897162
4692851703
4571902386
4391857026
4189602735
4356917820
4751908632
4539862701
4172859306
4250183697
4208176359
4257839061
4601389572
4093618275
4652809137
4032716895
4013572968
4785329106
4152793860
4509163827
4836129705
4328576019
4315962870
4853609271
4829157306
4269580137
4396512807
4372958610
4810293765
4538607192
4635709281
4952316870
4973051286
4581097236
4892637015
4923150876
4261970853
4520638197
4368079521
4157098236
4781693052
4925180367
4258167039
4682193570
4256831970
4638057921
4856027319
4938602751
4180592367
4928650713
4085691327
4386902571
4059317682
4672135908
4678203591
4320867519
4310598627
4590186273
4286519073
4673519820
4870536192
4197306582
4850932761
4319687250
4017893652
4382510976
4395872610
4137506928
4126793805
4351628970
4982035176
4205763189
4359027186
4972601538
4256870139
4735092186
4392680517
4932750618
4632859017
4870291563
4079618532
4135802976
4806521937
4572869301
4206518793
4539017826
4937852106
4029186573
4536708921
4923865701
4730986152
4536712098
4061872395
4762108593
4297168053
4630195287
4657308219
4826503791
4206381597
4762389015
4870695231
4963185720
4578621390
4517392860
4175386902
4506721839
4389210576
4169253807
4801736529
4083195726
4956201378
4650317289
4192503867
4128597063
4315769028
4386059712
4670381295
4863901572
4023958167
4581603729
4956032781
4716803952
4530817962
4153790682
4157293086
4082357196
4508619327
4318275690
4609527381
4037561829
4850697132
4132068579
4795013862
4983526071
4319502687
4650397182
4976528310
4638517290
4783951602
4120657839
4870163295
4139286507
4581709236
4726951380
4867125903
4507369218
4153809627
4057621893
4357980621
4592103678
4250378619
4172685390
4908351276
4063852791
4319206758
4219386570
4567913820
4029178365
4351726890
4937251806
4785129360
4982056137
4583912076
4367850192
4392786051
4257801369
4256170389
4793160825
4031897652
4357810962
4613859720
4862915037
4976135280
4698301275
4261385790
4832596710
4863591720
4395728016
4570621938
4732601859
4619278305
4639710825
4907126358
4356201897
4295107368
4910375628
4135069728
4560821793
4821053679
4216897305
4283197560
4736820519
4689013257
4381706295
4287096513
4938267510
4253106798
4032175689
4310687529
4970213856
4703186592
4863125079
4730129856
4897561203
4915082763
4239760158
4528069731
4067923518
4917503682
4762851309
4732809561
4860512739
4760129385
4806973215
4026785913
4216098357
4135028679
4293567810
4603215978
4586710392
4382901657
4870926513
4018396725
4172098635
4530719268
4521679038
4095362781
4750923681
4518076329
4235019687
4587260139
4381256907
4673289510
4052978316
4061382579
4698305712
4795163820
4267395081
4798160235
4516032789
4273506981
4875369102
4139862507
4816972503
4126738509
4067128359
4865309271
4659278031
4731289056
4536029781
4083516972
4538970621
4785123069
4279630851
4987261503
4356012879
4826903751
4319085276
4268135097
4806132975
4702953861
4806925371
4957386012
4950617382
4603287951
4910823657
4280593716
4950278631
4965018237
4385276109
4812956037
4906215738
4293075861
4513679028
4296785103
4685321907
4193528607
4589026173
4230916785
4537921860
4605872931
4801635279
4160938275
4037965218
4651937280
4691702853
4528791063
4765102398
4723169058
4387925610
4703596218
4015963872
4816597203
4083965127
4590631872
4730921568
4279510386
4908165372
4702956138
4529713680
4216583790
4328170659
4587610392
4761308259
4925083761
4095173682
4308729615
4308915276
4635028197
4592176308
4125798306
4127593068
4127609583
4659312870
4021795638
4312895760
4539287016
4972365108
4189567032
4068395271
4510892736
4285073196
4632158970
4801927635
4986571023
4718360952
4671285309
4715928630
4209518763
4706528139
4803957126
4690725138
4206938715
4781629053
4102567398
4916305782
4738265109
4103657289
4076895132
4376520918
4876015392
4912680573
4751069382
4156872309
4503279168
4891263750
4963085217
4650291873
4723091856
4209315687
4597638210
4913862507
4570218639
4820763915
4639520178
4129075683
4236579810
4935162087
4718396250
4320197658
4203169875
4709123685
4261703598
4397602158
4637250819
4310652978
4607315982
4098237615
4367915802
4276530198
4239861075
4590286371
4921783506
4823150697
4510387962
4059618372
4528903716
4305687219
4690721583
4809165273
4376825019
4901678352
4786350129
4210765938
4638052917
4580369721
4210985736
4305697128
4319762805
4156879023
4638927150
4318906527
4631827059
4913267805
4653079128
4157293608
4635078912
4187052396
4956213807
4568923107
4037658912
4853296170
4083792561
4907653218
4389157206
4960587312
4398250671
4586901372
4260819375
4180736295
4102675389
4716038952
4135869072
4859170263
4527968103
4510239876
4620539178
4328075691
4792150638
4280519637
4275039618
4082675931
4698521307
4561978032
4670219538
4215086793
4259038167
4758691023
4570219386
4295830167
4305182967
4967530218
4965173208
4291830657
4381267905
4683025917
4360527891
4109253768
4712069853
4895031726
4306817925
4150268397
4198627053
4159230768
4752309186
4975021863
4013952876
4850973126
4597231806
4831097652
4651739082
4980163572
4729158063
4231975068
4738219056
4012635987
4621908537
4852671309
4589726130
4107932658
4238097651
4820917635
4136985270
4062185379
4607398521
4687190325
4725980613
4267385190
4521870369
4567392018
4695281370
4210685379
4692817503
4172680953
4365792081
4105387629
4239706185
4735281690
4802756139
4576839012
4069172835
4680312795
4021879356
4621980357
4813569720
4278603195
4607135982
4502876391
4285306971
4253067189
4376082159
4851290637
4162958037
4390182657
4982136570
4231605798
4067935821
4985731206
4290163875
4527089613
4162079583
4907635128
4269871350
4861930257
4891735062
4065293817
4139568270
4076928531
4089132657
4270156389
4780561392
4926715830
4360182579
4960283571
4256018397
4657012389
4623897015
4103957862
4532789160
4293805761
4902865137
4710396852
4679215308
4091837265
4780629135
4351208976
4271936805
4869350712
4128906753
4078195263
4256809371
4927806513
4072895613
4738502196
4839260715
4386921750
4539076182
4972306158
4190536782
4386129057
4187635209
4071529836
4301528796
4895071632
4163520987
4275638190
4583701296
4783961025
4721890563
4193286705
4879613502
4069125837
4152078963
4082156793
4562783109
4936571208
4027351698
4610298537
4736851290
4179065832
4389601257
4689523071
4920615783
4315967208
4830529671
4783962051
4750389216
4759028136
4278953610
4672098135
4698721503
4703295861
4359068127
4126579083
4597283061
4175926308
4198765023
4257368910
4639187502
4978361250
4630751298
4186573920
4683021795
4673051928
4795830621
4150278369
4509182673
4195067328
4135098267
4917582360
4915086237
4036728951
4328691057
4625731890
4073158692
4056387912
4076291358
4583712906
4273159860
4815203679
4273509186
4281350796
4679123805
4395780621
4071836529
4639718025
4053891672
4907532168
4618507392
4731289506
4978253016
4712395860
4160925387
4657931280
4106735982
4210596378
4271963085
4862391570
4683950271
4295017386
4136987025
4308972516
4691527803
4913625807
4675803192
4952806731
4365129078
4713985260
4315870296
4258917360
4723861509
4829067351
4120769835
4183965027
4203967815
4182567309
4760583129
4923051876
4230957816
4839751062
4356179802
4058126379
4567019328
4073952168
4018625937
4736952081
4201578963
4269078513
4135782609
4185270396
4753096821
4597320861
4720869315
4918037256
4895173026
4895136072
4937056821
4213057698
4583690271
4510976328
4621503978
4206751938
4826537901
4058137962
4692038175
4507329618
4265713908
4092175386
4697523081
4920615738
4892615037
4691387250
4851970263
4567239180
4082961753
4936012875
4863075921
4693015287
4207193658
4695317820
4301729685
4827695301
4071328596
4912730658
4150629738
4025938671
4531260987
4217896305
4027956813
4810956327
4380259716
4783295016
4196057328
4630159287
4327901586
4912567038
4706293185
4056189273
4720395861
4658032971
4938516270
4630195827
4253981067
4710569328
4560782913
4762315980
4031987256
4651039278
4209751386
4129658073
4296053781
4085976321
4671028539
4978601235
4560379128
4396012785
4609312587
4016593728
4268071593
4672583910
4985162370
4271683509
4973026581
4615308972
4731962850
4210583796
4987610235
4625710893
4853967012
4031528967
4182536079
4385612097
4608372915
4295768301
4821673509
4927650183
4625073189
4712598360
4598037162
4597612380
4293516870
4936078152
4270639158
4582190376
4672183509
4593680271
4152078369
4153607298
4721683950
4265391087
4239765810
4902815763
4578962310
4109563728
4501968327
4239578016
4175623098
4318596270
4351760298
4359612087
4312759860
4298036715
4873109265
4293658017
4360852197
4279058613
4785612930
4825731609
4732591860
4281096753
4781326509
4310976825
4091758362
4931520687
4360157928
4981536270
4217386950
4096587132
4926830751
4351980276
4618905372
4703291685
4739015682
4658391720
4173692580
4869157032
4963178520
4781596320
4801395276
4782036591
4570891326
4851293760
4075362981
4815629073
4862195370
4869175230
4572061398
4051237968
4687039125
4923607185
4130625789
4201895637
4307629851
4785210693
4327609851
4260983571
4567832091
4798356201
4157362089
4206587913
4507396281
4367129058
4103952876
4382769150
4725039681
4298671503
4259876013
4269058137
4810236759
4731985206
4605798213
4512608973
4726385901
4358971602
4921305867
4192086735
4091267385
4738512609
4081523769
4387691052
4903812657
4627853910
4369587102
4238106759
4537016982
4532968710
4950832176
4783269015
4216859037
4508962371
4823579106
4903275168
4962518370
4316802759
4096321758
4532608197
4136208579
4703685192
4653817209
4978162053
4760583219
4382976150
4536210798
4638071925
4613870295
4327069518
4731089526
4780269135
4135802796
4387026951
4876913502
4067381925
4103752689
4785069213
4830526971
4096782153
4193570826
4189735062
4675192380
4685123097
4179830625
4971032685
4156980372
4981037562
4735698021
4258763910
4380759621
4203957861
4235769180
4913705682
4976102583
4506319872
4712036958
4560183972
4897062153
4281537069
4651072938
4736981502
4867203159
4502168379
4857061329
4520831697
4780196235
4760391285
4718963025
4382965071
4076835129
4051827369
4976321580
4536280791
4612073958
4732156908
4876953210
4209167538
4765038921
4159278360
4506217398
4763195280
4870352196
4036758291
4563012789
4396250178
4290856713
4316257098
4561930287
4987025163
4376012589
4183065792
4312850679
4208317956
4635109827
4097628513
4618503972
4731092658
4302198756
4072816539
4308125967
4028673591
4028369157
4173062985
4725019683
4015297386
4813670592
4052937186
4235716098
4213867905
4137908265
4173502968
4329086157
4895601723
4381720596
4903618572
4798531026
4120937568
4710952386
4385271069
4851620973
4528679310
4821376509
4126598037
4826971530
4067538129
4508917362
4085679213
4978602153
4608521739
4207195638
4105293687
4128503769
4250317689
4967210358
4807193256
4251973680
4713520896
4172836509
4852016937
4039261587
4903215768
4092381756
4365810279
4931825076
4179028365
4125967083
4890527613
4987123650
4782690351
4879603125
4925873061
4895217360
4985031672
4532189706
4729863105
4256801379
4639182075
4530279861
4179538602
4589671203
4859301267
4120358967
4296583071
4976520831
4059832716
4903276581
4071539826
4869273105
4073291856
4189673502
4279350816
4806917352
4173259068
4937102856
4610798235
4135809276
4356719280
4928165073
4251637809
4068217539
4853691702
4062785913
4968205317
4812369570
4863529017
4832160975
4732916805
4068327195
4793012658
4280391657
4169785023
4317250689
4819730562
4602817539
4506279831
4093576812
4172690583
4130957862
4398521067
4236018975
4073821596
4753069128
4752980613
4013762895
4701968352
4169753802
4315697208
4293685710
4537269810
4390726851
4360197582
4123597068
4637952180
4329871605
4507812936
4519602837
4295738061
4728693501
4582760139
4789301256
4320958716
4179582306
4168759302
4578916032
4568172390
4759320186
4689275301
4178925603
4298057361
4590321876
4253680719
4318507962
4857632019
4931785062
4190572368
4312860957
4813907256
4817953026
4392701865
4310897562
4213670985
4397518602
4017928563
4596278310
4690823751
4871562930
4230675918
4916058723
4307568192
4316087295
4873516209
4509316728
4372860951
4518397026
4023819576
4250693718
4038529176
4862105937
4857390621
4786532190
4013876952
4982150376
4902371856
4135607289
4980365217
4076835219
4952870631
4907125683
4106358279
4037862951
4280395176
4301987562
4275396801
4372598601
4123589076
4501782639
4132079685
4032867195
4213857690
4273096815
4518372906
4295637108
4028967135
4187029536
4871963502
4238560791
4037129568
4367591280
4569073812
4093287156
4062987153
4758120369
4387290651
4985731026
4207536981
4561902783
4356928710
4206397581
4712583960
4218763950
4186279350
4321690758
4753892160
4239765180
4769538102
4290186375
4095186273
4319528607
4580169273
4039618725
4673152098
4986257301
4582761039
4823760195
4270583196
4953260781
4621837905
4516092873
4289501376
4572183690
4908261537
4279680351
4986201537
4926753801
4257906318
4796821503
4672305891
4218790365
4268097315
4965320871
4367190852
4690523187
4160823759
4529807631
4571926380
4895037261
4372051698
4603897152
4630158729
4780219536
4296715038
4875316290
4321689705
4567029831
4895321670
4291307658
4327105698
4962370815
4392085671
4051932768
4738905621
4967308251
4395071682
4108972563
4861975302
4197038256
4201386597
4620178953
4289630517
4378951620
4780951263
4725936018
4051368972
4280156793
4389106275
4980157263
4710896253
4130759286
4938120576
4789506312
4962013857
4035917826
4598612370
4896352071
4276108935
4192053687
4176509238
4792536801
4896012753
4968057312
4739862015
4695378102
4218053679
4261953780
4850791623
4658179032
4125706389
4531268097
4295160837
4518296730
4076829513
4370569128
4376215089
4290817635
4659830127
4950763182
4093517682
4632915708
4081297653
4759386102
4257980163
4562380971
4735610289
4809312576
4138926507
4817035629
4906178235
4821507963
4915632780
4872953061
4831297560
4239805617
4268573190
4137256809
4715620398
4091852673
4395721068
4096512738
4183279650
4697382051
4351280976
4016827539
4723685190
4538621079
4785291063
4275910386
4132065789
4750128936
4297835160
4086725913
4690875213
4587310629
4257130869
4283769150
4861279350
4965012378
4057269318
4735209861
4217658039
4850923167
4895130627
4639710258
4235890617
4817360952
4128307965
4062891375
4061572398
4975810236
4260583791
4681350279
4810297653
4305798621
4835120679
4379528610
4172690385
4195702836
4935021867
4169302578
4109376285
4582931670
4093651782
4785630921
4583706912
4917086352
4592086371
4298651307
4609253781
4238071596
4869512307
4381056927
4719563082
4659278301
4789153602
4053872196
4629385170
4073981625
4521769830
4781602935
4732801569
4237156890
4185069273
4635278019
4217089563
4067831529
4627958013
4132960785
4027153896
4629103758
4912056873
4789352061
4637805129
4608591273
4926083157
4629051378
4675892013
4628905317
4052761389
4195072638
4392078165
4529370168
4615897230
4360281759
4278935610
4571230869
4301258967
4078162593
4572961308
4987213056
4095312876
4789352160
4103796582
4910867352
4378261905
4167052839
4612803957
4208316975
4692518703
4963027581
4386051792
4632075981
4508926173
4093526871
4379516028
4712650839
4869315270
4983071625
4796152803
4751692380
4672805193
4361782590
4810296537
4675130829
4197538260
4972085316
4398127650
4387602519
4687539021
4819725603
4586371209
4328197065
4853610792
4523906817
4869035127
4758230691
4670132895
4135986072
4678102953
4570398216
4318695207
4238069517
4170368952
4819623075
4623578019
4852107369
4689231705
4960857132
4951703268
4729608153
4936125087
4681023597
4127850693
4257031698
4321750896
4279318506
4903128765
4891365270
4531786029
4637980125
4163527908
4365781029
4692853017
4578631920
4706598312
4760829315
4352806917
4538791206
4051398672
4129870365
4913820576
4972851036
4809635721
4023781695
4806392751
4175896320
4093216875
4390258761
4081926357
4923605718
4257936108
4813692507
4806315972
4930725168
4276189503
4137908265
4579632108
4563018972
4105398726
4865793120
4856790321
4639051782
4862975301
4705389216
4856297031
4362058917
4106978235
4581792036
4957308261
4391720685
4685071923
4056283971
4093765821
4092671835
4085726391
4895132076
4139076582
4705398126
4123687950
4576318920
4912635807
4027153986
4053912867
4815920637
4901387652
4691527803
4361529087
4768153290
4087593216
4281097635
4735189026
4092536178
4823195706
4263971085
4359601728
4910768532
4829375106
4189520376
4280379516
4397528061
4237568910
4763518902
4975261380
4126783509
4758109326
4580297136
4603152987
4063129875
4065973182
4807659231
4583910267
4792530618
4852619307
4986057321
4061973528
4375906218
4730289165
4805761329
4267508391
4896127350
4832159706
4129365087
4875021936
4326907158
4716953820
4926801735
4957213806
4968103257
4860397251
4912805367
4812907635
4806357129
4765928310
4879563021
4976053821
4921805637
4953708126
4219603875
4691825073
4365218970
4350912876
4687152903
4963872510
4361958720
4231687950
4016785923
4138679052
4308126579
4763219508
4021986357
4703915268
4038195276
4017895263
4935287061
4802673159
4325076198
4793180652
4923170856
4906732158
4078935621
4853726019
4057693182
4201638957
4209758613
4170326859
4321068795
4972185630
4508239671
4627398510
4097682153
4568102973
4820519673
4081752963
4291706853
4185632907
4062857193
4230679815
4623017589
4927063158
4189506372
4563971820
4157826093
4051398762
4380756129
4912650873
4502873196
4957321086
4510378269
4152096738
4607319825
4509621837
4086279513
4573918602
4950613827
4395621807
4079863512
4325906817
4269503781
4583729016
4238659107
4653190728
4268375091
4352810796
4852613097
4561708392
4579012386
4972351680
4937058216
4062381579
4582637190
4285937601
4637205189
4325691807
4852397061
4631925780
4982631075
4028791365
4358792160
4768910352
4980215736
4675803219
4089637215
4685932710
4806127935
4176032985
4213795608
4026319587
4365172890
4235609718
4780251693
4826509731
4685107932
4368975210
4702691538
4596873201
4276150938
4829513607
4012893765
4539612708
4920375168
4150867932
4063182795
4631285790
4193760528
4978325601
4527980361
4913207856
4891256307
4132867059
4980376215
4921370586
4782501639
4397106825
4605713928
4912760583
4801326795
4128673095
4018379526
4631279058
4017386952
4296301785
4837152609
4358970126
4691230857
4162058397
4325986107
4921687530
4720613598
4378502169
4583207916
4695018372
4201987653
4159260783
4075396821
4673158902
4093578216
4791320658
4602875139
4907632815
4736528019
4321570698
4623179508
4375081692
4726589130
4125097638
4856309721
4078529613
4296517380
4156390872
4758960123
4158372690
4106295837
4029167358
4975286310
4268951703
4016832597
4367251089
4109682573
4697058231
4058136279
4316290758
4716905823
4096178523
4083962715
4160893257
4902317586
4926708315
4215708396
4907158632
4213795860
4725830196
4296538710
4569801723
4793218065
4632759810
4962038175
4908572613
4906351728
4231679850
4781395260
4258613790
4102783965
4958712036
4390261578
4671529308
4678201539
4273956810
4065712893
4869731520
4312758690
4087952613
4768319520
4563201798
4031725986
4201857936
4791026835
4193750682
4653271908
4928705163
4076328159
4563278190
4916705238
4152837906
4120638579
4091325786
4286735109
4021789563
4897603125
4380179562
4129605873
4623971580
4536817920
4351026978
4879650213
4512398706
4761390528
4938025761
4371568029
4371028659
4258397106
4581263097
4689320175
4905871236
4708265139
4352619780
4927651038
4682319075
4392016875
4063125798
4290516783
4392806715
4712583960
4819567023
4930287156
4917805236
4873025196
4690273581
4781062539
4723619085
4085123976
4012867395
4967250183
4320985716
4980632157
4183029576
4592837610
4176089352
4861950372
4380571926
4158369072
4036758129
4862597301
4850361972
4208195376
4523890167
4706283951
4509738612
4853062971
4230956178
4689230571
4571263089
4507836129
4318752096
4653072819
4096837152
4389150726
4520786931
4187390265
4075821693
4098351267
4523806179
4531920786
4831295067
4537016289
4021695783
4380679125
4126857039
4963285017
4328197605
4357109268
4368712509
4768503291
4526138907
4605982713
4536012897
4869751302
4879605123
4012896753
4097315826
4961287350
4178523609
4917623580
4970126853
4987103526
4615890273
4793502816
4150798263
4802915376
4037985126
4172836509
4159073862
4763859201
4063587219
4023986751
4263791805
4967501328
4812035769
4589203716
4972863510
4830756921
4531827096
4732819605
4790513628
4521379608
4019567382
4823065917
4261758039
4251386970
4736205891
4502783916
4023651789
4309758126
4305621789
4159263087
4850379162
4679215803
4629150378
4179825630
4728501639
4872095631
4710689532
4780512936
4678092531
4759823160
4073592186
4036892517
4876921530
4832756091
4798520361
4856120739
4267913508
4280765931
4902781365
4309156872
4356780192
4196837052
4730182956
4528073916
4812059673
4819507623
4397852016
4083952176
4017623958
4798206153
4280579136
4736025981
4362089571
4796830512
4380562917
4182639075
4129563780
4305768912
4019683725
4180573692
4390768251
4289315706
4687923150
4935860712
4138527960
4856239107
4653128790
4278931650
4561307928
4571962083
4369012785
4690718523
4507926831
4387601592
4893065271
4037518629
4183650729
4692031785
4628910573
4102953876
4539186072
4736082195
4012376958
4903826157
4359081276
4932086715
4698317025
4563298107
4876935021
4569378012
4053921687
4902837516
4967382015
4652391780
4215093786
4286375091
4356017829
4927518063
4350891672
4823601597
4068379521
4367921058
4258107369
4675932081
4793162058
4951368072
4123987065
4036782519
4638957120
4906175823
4278356109
4910863527
4876301952
4581397062
4305862719
4310752869
4872596130
4187253069
4290865731
4057389162
4067938251
4583602971
4570289361
4197562830
4581762390
4381602957
4593821607
4952180673
4187532069
4618075239
4168097253
4097685213
4923150876
4837056291
4093521768
4389750216
4719058263
4187260359
4921860537
4829375016
4231706589
4328197560
4281760359
4103967528
4907253816
4367105289
4879632501
4890537612
4531279068
4730168592
4981206375
4360817259
4176093258
4805739126
4852976031
4892301567
4965371082
4168735290
4862375190
4362918507
4938570261
4960728135
4960217358
4381697502
4531692087
4965273810
4893257610
4751230986
4390256871
4156927083
4520361789
4802397156
4928730615
4318952607
4621958730
4285931760
4623879510
4681520739
4102398756
4863195072
4935081276
4509867213
4821576309
4158269703
4913056278
4092731865
4176528930
4081256973
4397821056
4536970218
4825061739
4921376508
4613589270
4765203819
4927516380
4927306158
4763915820
4831570296
4096351278
4281976350
4360752981
4523809716
4296875013
4629135780
4561203897
4831507296
4679805213
4523907618
4375201698
4367215980
4317086952
4895327160
4350687921
4627108593
4109237856
4926578310
4068217395
4736908521
4258790136
4096357128
4157320968
4921073865
4513678209
4715039862
4180693572
4839617052
4679235810
4927036815
4509867123
4325679081
4269157038
4853276190
4189572630
4562087391
4178235609
4512836079
4830961752
4039812657
4628593107
4286910753
4279365180
4827619035
4207935168
4029153687
4136297508
4739012586
4231786950
4258063179
4235196807
4279853016
4853176029
4739158620
4567182930
4168509723
4258639107
4176859023
4825716039
4081592637
4269780531
4290687153
4510876392
4269830571
4879230615
4675128930
4198562703
4187259036
4539718026
4087692351
4592071368
4026987153
4032198675
4879513206
4735019628
4612370859
4061987325
4217530986
4369250817
4035176829
4859631720
4958371260
4976315820
4836109725
4637059821
4981237056
4738016952
4076981352
4612379580
4369278105
4519863720
4356807129
4583207691
4063715928
4509782136
4390571628
4683279150
4921685307
4512860397
4951382076
4593187260
4876391205
4687315092
4287936150
4172965083
4569018723
4675129308
4981620537
4526873109
4518023967
4380956721
4751698203
4286051937
4623709185
4710862539
4053692817
4638712059
4908572316
4601597823
4306798215
4079153682
4012968357
4173258096
4952170386
4265971830
4128630579
4280936517
4617903285
4578629310
4152870369
4128396570
4823905671
4597810362
4873029651
4728359160
4618379520
4786192053
4896730215
4058139726
4219057638
4520938671
4563792108
4860239157
4287095163
4281763095
4560387921
4192067358
4213907586
4513896207
4269530871
4951763802
4620973518
4728195603
4031796528
4687925301
4769238105
4162730589
4897321605
4967801532
4082159637
4093167825
4920573861
4256189073
4351972806
4576912038
4251760938
4910582637
4179358620
4923158076
4672805319
4365279108
4562179830
4670912835
4286590173
4158627039
4108357296
4530268791
4086973251
4678105239
4867015293
4206893571
4067358921
4570398162
4279513860
4386079215
4389576102
4657839021
4398127506
4867319205
4970362815
4908612375
4879126503
4783201569
4832967510
4682910753
4013579628
4860731592
4283950167
4709815326
4026953817
4087193256
4291856307
4921065783
4928506713
4638095127
4526790138
4165390728
4271506839
4258016937
4782651903
4972560831
4706318952
4217096538
4298671053
4368925107
4318065297
4526810397
4720916583
4523617890
4856237910
4702658913
4190826375
4297501638
4510239768
4720965381
4835709162
4213687059
4830517926
4971625803
4639807125
4627381950
4281390765
4185620397
4091368725
4812503976
4297603851
4623109578
4251837906
4625981370
4350789261
4926831075
4519637820
4672108539
4152930867
4968250713
4957368120
4219608573
4279316085
4387261509
4269357810
4501972683
4068317925
4138790256
4652183097
4986730521
4685297013
4208679153
4972160385
4208167953
4759260318
4730219658
4257689013
4973086512
4918672503
4275639810
4915237806
4937058612
4876132590
4651892307
4890326715
4826317095
4270563819
4753890162
4023916758
4590132678
4206739158
4819365207
4062197583
4378952061
4630782159
4390516782
4025986317
4872159036
4976523108
4251760389
4685327901
4327680951
4285310796
4876132905
4035178926
4219056738
4839672105
4607285193
4132078569
4537012986
4576219830
4126098375
4963107852
4120359786
4987032615
4280165397
4653091872
4068279513
4970162538
4291305786
4582906317
4157093682
4815362709
4058217693
4863902175
4328910756
4576130928
4762015893
4936710285
4259386701
4069725318
4503829671
4296013578
4259618307
4569783210
4765819320
4125809367
4375821690
4279358610
4180253796
4259860371
4701893562
4918023567
4290738156
4189536702
4371809256
4250179683
4760895321
4810926357
4736519802
4863590712
4052168739
4863219705
4386907215
4390568271
4213768059
4752806913
4137026589
4920381567
4179260835
4315206879
4139652780
4813209567
4395821067
4637291805
4062718539
4856372091
4215730689
4638109275
4081372695
4301867295
4860271953
4756139280
4317085296
4051873629
4570926381
4137092865
4792158036
4185607329
4675891023
4971256830
4290371685
4859216307
4253796018
4391650728
4572983106
4207315986
4679301285
4291708365
4317250896
4218356079
4720315869
4395082761
4139506728
4173865290
4130679582
4751298036
4531967082
4218360597
4375298061
4328016795
4732651809
4817530296
4168035972
4283015679
4310768952
4816957023
4589736012
4632587190
4308619725
4632987150
4306927851
4968321705
4678930215
4673218590
4562018937
4056182937
4819736502
4652978130
4209735168
4213680795
4620897351
4981502763
4670321958
4615098327
4263908751
4621789503
4250897136
4109835762
4708396152
4057239816
4893610725
4917362508
4961532708
4107853926
4359160278
4075623198
4305821679
4180527963
4892635710
4259163078
4963702185
4379601258
4567120893
4285973160
4396158027
4823756091
4823105967
4172038659
4216950783
4208713596
4538027196
4972103856
4821957603
4590678312
4607359812
4598376102
4310726895
4135987206
4598237160
4930861572
4086235917
4073261985
4526087931
4308759126
4159260873
4709281635
4217563980
4639827150
4162857903
4978152036
4908523671
4257608139
4715309862
4859167302
4953078126
4987532601
4153782609
4350769281
4261758930
4379025618
4397062851
4095368172
4167302598
4068913257
4896132507
4687529310
4206581793
4207193658
4650372819
4792805361
4570163829
4503167982
4732105896
4978621305
4071589263
4658931270
4372561980
4509132678
4987360152
4957218063
4801965372
4123850769
4672851390
4287319065
4108956723
4571398026
4267198530
4129650783
4029816573
4601879532
4732695180
4361957820
4108673952
4326178509
4279183056
4529617038
4570618293
4791682053
4532196087
4208196735
4510983762
4637815902
4631057928
4273960581
4378125609
4530978126
4831025967
4501892736
4063285197
4286537910
4923567801
4698215703
4976850312
4167093528
4970632851
4268950173
4592130786
4681307529
4259731806
4081279536
4392607581
4620591837
4527089613
4098657231
4310692758
4056198273
4179256380
4290781635
4263075198
4693108257
4783502169
4612930875
4813276905
4381962705
4683029571
4906531728
4759628130
4708619325
4687032159
4705863129
4801296537
4953827106
4025687913
4530897216
4017852369
4573918062
4162895730
4872693510
4706583921
4259378061
4281057396
4697203851
4792061538
4619023857
4029175368
4978062315
4856072139
4582961370
4215698037
4967012538
4893012567
4130752986
4529308617
4860179532
4382519760
4193056278
4172063895
4316259780
4023789156
4892501736
4583610279
4068327519
4873029516
4092367851
4712398065
4306952718
4590812367
4360985127
4962538710
4372518096
4296058173
4062793581
4215937806
4603281597
4280697351
4728315906
4197263058
4052837619
4107539682
4627809135
4956831072
4936578021
4923567810
4203189765
4520981673
4926037851
4209816357
4205786913
4062397185
4372108695
4927083615
4035917286
4923560781
4320589167
4978562103
4532197860
4750326891
4617802593
4972830651
4120675893
4910768532
4560729183
4962308571
4392506718
4360825719
4659012783
4963701258
4613892507
4761089532
4982375106
4521087693
4528961703
4863910527
4978120356
4305281697
4182506739
4210863975
4825369170
4316805972
4670239581
4890513276
4301952876
4786305192
4015368927
4829601735
4627918305
4293567108
4956187203
4805123967
4689521307
4921387056
4938506127
4123069857
4027836519
4652179380
4218673095
4368921507
4527960183
4507831692
4389761250
4781293650
4936802175
4792038516
4653098271
4038127956
4631802759
4396820751
4782913056
4670892315
4912875630
4089253761
4659702831
4507381629
4670381529
4983526017
4075216398
4968273105
4690738125
4395068271
4067251983
4015687239
4736528190
4735628910
4863912570
4375609218
4812576930
4896573021
4758031926
4120569783
4609835721
4178206359
4283516970
4628107539
4812769530
4026973851
4382015976
4680159732
4589236107
4738591620
4819320657
4172609583
4789613250
4398072165
4176382905
4803926517
4106952783
4109678253
4032861795
4591638270
4591370862
4791568302
4716829503
4162350897
4061935728
4091678253
4739621850
4689015732
4138095672
4302769518
4796301825
4317960852
4617539820
4287039516
4359078612
4278691503
4952370186
4803259176
4683572901
4860531972
4736095128
4012378965
4630725891
4598276130
4679083521
4938061275
4213507896
4683027915
4957812063
4183592706
4280571396
4037512968
4385672091
4103798652
4367528901
4238915067
4576032918
4389615270
4130762958
4236805971
4195037826
4612705893
4102569873
4870692531
4721659830
4562308791
4760982351
4201635987
4351890672
4078951326
4297051836
4852063719
4219750836
4975168023
4875320196
4107659823
4036957128
4783529016
4257908613
4096871523
4590231678
4871052693
4758316209
4759218630
4182670593
4659701328
4831609527
4802395716
4792856130
4852730916
4579123680
4613295078
4261987350
4965037218
4326509781
4083965721
4895267031
4962053781
4507816923
4259160783
4681752903
4720986531
4869132057
4281635790
4295618037
4073518926
4726105938
4781620935
4135870629
4162579380
4578296013
4782915360
4918367502
4921678035
4832796510
4071293685
4176892305
4963285107
4653208197
4726589031
4367152980
4719852063
4613507289
4520836791
4862037195
4073918526
4206381975
4382761905
4395280716
4703612958
4869531207
4371805269
4806739215
4386927051
4315927806
4127390856
4326107895
4781059623
4826397051
4897530216
4687592031
4590268137
4079123856
4569317820
4906328157
4108375269
4160279583
4208365971
4605137892
4295618037
4329851760
4021586973
4269718503
4687512390
4251086397
4823069715
4026519738
4701283569
4823160975
4760952318
4190867253
4613980275
4762390158
4618073295
4623507189
4758192036
4091875623
4108279653
4107582693
4096573281
4268391750
4806327951
4301876592
4037918256
4356089271
4987025613
4918326075
4829071653
4578219063
4102893657
4982653071
4298075136
4210367859
4386179205
4796530281
4095173862
4361908527
4592368701
4815236907
4573810962
4637801529
4687235910
4652107398
4508923617
4671809235
4286739501
4376892015
4607321895
4135827096
4902137586
4781029563
4196350287
4157836920
4608732915
4180532769
4153296078
4857306219
4361205798
4270598163
4510397682
4170685329
4213896705
4715860293
4079152836
4830965271
4762538019
4821306597
4629713805
4396850271
4260581739
4028715396
4520789316
4785619023
4289170563
4865012739
4103675829
4701956832
4369871502
4075219836
4876195032
4516827390
4931768250
4502716983
4690281735
4108562973
4826013579
4380617529
4015627983
4362719508
4820576931
4715298630
4895107623
4231879605
4069321758
4953182760
4713962085
4961507328
4175823960
4260153789
4352871096
4913086527
4392508617
4083925761
4032917685
4721683095
4516897320
4382591760
4982760513
4625708391
4629075138
4835912706
4910765382
4519768032
4871503269
4725096183
4158206937
4250876193
4287651039
4316708952
4379058621
4670538129
4765381920
4150378692
4620837159
4853619702
4621580739
4768521930
4280765931
4527683901
4713290586
4859023176
4758126930
4753209816
4259016378
4503816792
4275301869
4127609358
4305982761
4753291680
4236870159
4369208571
4791560328
4796820153
4179038652
4201758693
4057213896
4265031879
4935078261
4079365218
4105693278
4960378215
4012973865
4186702593
4697051328
4186793052
4527893610
4028913576
4289365701
4759063812
4021568739
4980132765
4095183762
4208951736
4163902785
4063912857
4531629807
4801973652
4502798136
4120397865
4501739826
4869135027
4691825730
4150239867
4637051892
4658923017
4576023819
4357901286
4791052368
4391872650
4012865937
4925803761
4108975263
4572308619
4173629058
4015962873
4137256098
4172096538
4612739580
4735180296
4251673098
4916352780
4169732580
4153270869
4813760529
4567023891
4178506932
4586092173
4836159702
4527391806
4206593781
4819023567
4179530628
4127306895
4519703682
4586137290
4785093261
4173628950
4910762835
4893671205
4183672950
4960857231
4203958176
4815670329
4568370291
4201357986
4697325018
4098231675
4830725619
4793560128
4097231586
4051369782
4796830521
4125689037
4529167083
4608237159
4371982605
4576109328
4870356192
4308159672
4906317852
4936781250
4203968157
4578609123
4629078513
4170895623
4795308162
4319782560
4360978521
4157302896
4706318952
4879316025
4702856139
4295306781
4678052931
4691283750
4620713958
4385906721
4086539217
4659023187
4327890516
4251637980
4860731529
4268971305
4659013287
4021367985
4723981560
4620873591
4098273165
4683501297
4802196357
4372689510
4825609173
4325109768
4829510637
4521973068
4035728916
4931675082
4817290365
4825067139
4728603195
4596031278
4028965173
4807936512
4069328751
4815023967
4057236891
4685921073
4618290375
4971860532
4671839250
4591867320
4031968572
4162807935
4903217658
4635120978
4029176853
4073518962
4576193280
4103827659
4065792813
4357890261
4810673529
4572689301
4653712890
4158097263
4732185609
4926870513
4928135607
4058672391
4802361759
4028167593
4670531928
4658739012
4072658391
4820369715
4803796125
4602173895
4831605792
4825603917
4317096258
4859623071
4369057218
4910825376
4368705219
4520178639
4310879625
4685293017
4358129607
4693012785
4895316207
4867935021
4823970651
4872016593
4973251086
4631057928
4106927358
4065189237
4901237865
4682357190
4287950613
4706832951
4013652897
4809167235
4690751823
4826590731
4120697583
4839712650
4509823671
4571936028
4752816039
4971562038
4687029153
4716508923
4269810753
4237918605
4238156907
4139826705
4697218503
4013856792
4586203719
4978315602
4970635128
4086213579
4732956081
4638791250
4650827319
4273896150
4527301698
4509372186
4569271038
4985237016
4156302897
4297061358
4139750628
4109862375
4382109765
4951062387
4283597610
4132908657
4980267315
4863921507
4658029713
4972065831
4930618572
4128756309
4025318697
4631907825
4892536710
4051728693
4892713065
4869175320
4506391278
4821096735
4173968502
4961057823
4728519036
4856173029
4850129736
4531082769
4963187025
4608392751
4037126598
4367598102
4510792638
4063185729
4617203859
4306978251
4795812360
4592310687
4361975802
4658739102
4703129568
4306578912
4951836720
4358629170
4786532901
4869205137
4725130968
4507291836
4196870235
4239615087
4063859271
4209871356
4137528096
4560871923
4150293768
4632587910
4039867251
4512780396
4875962103
4798312056
4976132085
4528936170
4167309528
4623805917
4703856129
4127685093
4072596183
4628951370
4215796830
4927308615
4692358701
4035298617
4716358029
4738695120
4713250896
4927613508
4186902735
4876325910
4201869537
4081329657
4651307289
4731980526
4567813092
4672530918
4678390251
4057698213
4150739268
4809136725
4728395160
4350182967
4731205689
4257098163
4693570182
4305961782
4097628135
4891230567
4097328165
4607895132
4672098513
4967015283
4032857619
4362510789
4821796350
4893176205
4018967325
4632175809
4267389150
4157928603
4891235706
4360721598
4635108729
4823516709
4630187592
4086537129
4573029816
4125397608
4657932081
4685193027
4369172058
4659710283
4871609523
4972130658
4028659317
4397521608
4301965827
4862715093
4610398725
4608529371
4238510976
4218073569
4591680273
4659278031
4802613795
4739082156
4613097258
4695178203
4951378026
4613782059
4961382570
4659217830
4659217308
4671285390
4820371569
4096823571
4652071983
4197235680
4812053976
4075326918
4068591372
4109827356
4089715263
4367892510
4102983576
4157289036
4753086219
4738159260
4195063278
4389607521
4286179530
4957281063
4295136780
4690182375
4816259037
4715209863
4703861295
4920578316
4382965071
4621570938
4627583109
4910287563
4370518629
4970158362
4027695318
4275016389
4851639027
4758906132
4571239086
4236158709
4680957132
4910562783
4520398617
4208715369
4908652173
4059368172
4916530872
4063751289
4569320178
4093671528
4267301895
4697823510
4815793602
4615378029
4629581370
4901265837
4136752980
4302765189
4927863015
4052736189
4915730286
4069325718
4182609753
4758901236
4726518039
4503296718
4713906825
4965032178
4071532896
4291076583
4690231857
4760529318
4905837216
4302196758
4308726951
4820571369
4587016932
4057923168
4905863271
4618735902
4280197653
4058712936
4056921387
4708912356
4123786590
4690283571
4109658237
4067295381
4180923675
4387529601
4981753260
4657901328
4637280159
4856107932
4815706392
4296038157
4792865031
4879203651
4329785601
4678390512
4759168023
4167893520
4901726583
4086927153
4132870569
4952173806
4918650732
4807125639
4162390875
4386021957
4528936170
4239168057
4759123068
4659782103
4296087531
4679253810
4892067531
4369752180
4835179026
4025631789
4983067521
4563271809
4173256098
4153679082
4236918750
4378291065
4765832910
4507192863
4125837690
4832675091
4257038619
4071962385
4126790358
4352618097
4612357809
4018932567
4376125809
4195873026
4759368102
4760235981
4825690137
4092765831
4317908256
4765319802
4968725103
4320598176
4201359876
4506239817
4972361085
4581790362
4367081952
4293758016
4063712985
4507928361
4138267590
4720651938
4382675190
4810625739
4172036985
4901623587
4350978126
4385627091
4586231709
4132709586
4327951806
4036157982
4018392567
4958126703
4620138597
4631852079
4517623908
4795082631
4357068129
4821376950
4019238675
4650937821
4869102537
4798015632
4963752180
4851397062
4237569108
4382671509
4879012653
4672103985
4367089215
4810795263
4862573091
4672513089
4659273801
4923180756
4970521683
4956807132
4137986025
4839015672
4392860157
4159268730
4752109683
4139807625
4130692785
4217659380
4782961053
4785936021
4389521670
4516329087
4235671890
4671089325
4937806521
4827905613
4362098751
4530679128
4980513267
4729358016
4891763520
4586297031
4328097651
4756980312
4367905281
4285670319
4592836071
4265710398
4895127630
4501976283
4562910738
4705198236
4982057361
4058127693
4523871906
4290365178
4695217083
4016239587
4390618527
4951763820
4613750298
4618970325
4620851379
4397850126
4950728136
4032975618
4581207936
4079582316
4158607329
4708562931
4618903725
4261507893
4062715839
4201369785
4708516923
4903876125
4938706251
4351028679
4091823756
4067923185
4526910837
4392756018
4061829357
4780126935
4571628903
4601372589
4195836072
4287195360
4823510967
4980157326
4712058693
4201396578
4178390562
4670283195
4968357021
4260851379
4587036219
4821769503
4739268501
4895321607
4278651390
4359087216
4620578139
4975026138
4692078135
4285976301
4523187609
4958071362
4726983150
4602157389
4726853901
4730619258
4526901387
4526817930
4086259137
4983205671
4605293178
4019357682
4051796328
4170698523
4087139562
4371968502
4732906815
4079863521
4862095731
4326718905
4087139562
4950278316
4152893076
4328075691
4280637915
4798106532
4832197506
4283097651
4760315928
4839071256
4786923105
4568712930
4158703926
4702635891
4192685307
4689731520
4381576029
4587923601
4056273189
4381270956
4320598167
4129873056
4920861573
4379650218
4609751382
4380967125
4172539068
4735219608
4230869751
4769285310
4723650198
4235109687
4120689753
4296573018
4283051697
4095271836
4759863012
4317850692
4530682179
4321860759
4019723586
4076958123
4328561079
4158239706
4803571296
4381076952
4583190267
4735260981
4753809621
4576198302
4621853790
4160598732
4810397265
4059687321
4031762589
4978620315
4971502863
4937561082
4065319287
4537218096
4605937281
4086915372
4270853196
4391705862
4352867910
4207389165
4527180396
4281357609
4286715093
4967123805
4653791820
4289317650
4509367281
4097683521
4720639851
4268935071
4635079281
4923801576
4987631025
4790621538
4597283160
4839752610
4932605871
4109275368
4092653781
4183976052
4230681975
4219068573
4691728350
4398705621
4127690853
4918267350
4193678502
4176982503
4291083567
4103562789
4136902785
4891526037
4725630981
4319062578
4903178562
4682957301
4293851607
4689752301
4650312798
4731590268
4796280513
4281695307
4653120978
4782130569
4796825031
4392675018
4319685207
4529087316
4710639258
4085719623
4172635980
4169572038
4316758209
4063791285
4517902863
4201389756
4786591302
4182097356
4903875612
4731520698
4312759680
4092365781
4109638572
4176382590
4589761203
4501962738
4680597213
4609123758
4395628071
4305687192
4857230961
4260193578
4832107695
4728601359
4169732508
4609875312
4936705128
4386291570
4125607938
4018739625
4325706198
4523968170
4291358607
4860751923
4506891723
4872105396
4107963852
4860751293
4516092873
4829605731
4012597836
4860295317
4928671035
4812350679
4793560821
4913758206
4071835629
4758290631
4760285193
4018937652
4198072365
4029617385
4201863597
4597128036
4136720598
4967108253
4602815379
4305928761
4137609852
4082793165
4216903758
4932168075
4678025139
4831695702
4689307521
4569213078
4267590381
4317286509
4165903872
4867120395
4031928576
4028756139
4793608251
4719385206
4769351208
4852761309
4129578360
4985031762
4071693258
4025987136
4859023671
4267395801
4175683920
4793810256
4061839257
4381975260
4859621073
4135920867
4038756291
4769158203
4675819023
4061798523
4268971350
4306152897
4285036719
4817529630
4267058931
4517208963
4623589170
4635178290
4082371695
4165872309
4017965328
4623987150
4725036819
4518307692
4257038916
4130798652
4056931872
4078912536
4532918607
4952387016
4583071296
4283701659
4123089567
4561903827
4590216783
4398702561
4167308295
4973581620
4068152793
4708591362
4082596317
4938650217
4687129305
4360127895
4562178930
4179285063
4876932015
4185706932
4813097562
4309156278
4895376012
4718356902
4587236091
4736182590
4387162590
4619852307
4396015278
4873250961
4802139657
4938601725
4173652890
4675093218
4278901356
4760259813
4025769183
4075196832
4103875926
4192657380
4392615708
4035189726
4986705213
4175263980
4682917530
4635809271
4763590821
4097152368
4186527390
4839716520
4281965037
4307529816
4635897021
4792381056
4706219358
4510968273
4395608172
4806753219
4537896201
4836951702
4129857063
4312096587
4026351978
4587312609
4590387261
4657891302
4518936027
4573206981
4185602379
4279135806
4598260713
4523178096
4620587139
4751982630
4516907832
4713856029
4865730129
4958236710
4956713028
4037815269
4761398520
4976205318
4082516793
4739201586
4350928176
4876291053
4629058731
4769082135
4519732806
4857603921
4035187629
4239568170
4980253761
4980251367
4961307258
4813920576
4786915230
4916803752
4260317589
4259371608
4596238170
4739520681
4032987165
4913852067
4276581930
4213607589
4081723695
4372806915
4062938571
4791520836
4093518672
4935761802
4896523701
4091852673
4317589062
4629510387
4072893165
4137260985
4851620793
4908165237
4759812306
4062815739
4258769013
4725890136
4318069275
4617385902
4135672089
4792038561
4539268107
4592018673
4253198067
4761852930
4165832907
4209813756
4503698217
4783916502
4195238076
4258710639
4962781305
4198276350
4367518902
4697301582
4653780219
4796035821
4801579632
4086172359
4720631958
4391768205
4358170296
4652038791
4796158320
4826975031
4296570138
4802391567
4501689732
4820793615
4857190236
4863795102
4291567803
4503879216
4213965807
4860791325
4012357689
4703856921
4605829317
4817025936
4307125968
4317829560
4175926830
4286591037
4629730581
4935628071
4126837905
4269378051
4716029583
4390621875
4902381765
4273589610
4876320159
4053768192
4157602839
4603529187
4975682013
4816375209
4561932870
4876310952
4986352701
4637125890
4620851973
4125039867
4536198720
4651732809
4786501329
4129036857
4153860279
4813259670
4602798531
4095123687
4512860793
4263810579
4918526730
4659213870
4903286571
4320178956
4893176052
4210768953
4865731029
4173852069
4268310975
4967582031
4257016893
4371896205
4719028536
4271895063
4723196850
4673859201
4813276905
4762019583
4527698130
4931607825
4631720895
4137689205
4509238716
4728105639
4836790152
4267980135
4518269370
4526170839
4980135267
4250378619
4816920573
4605781329
4306891752
4261097538
4178925306
4750216893
4013758926
4358720619
4265701893
4617528039
4901758362
4983256701
4016597328
4109657823
4863750912
4953628071
4369278510
4690528371
4087651932
4890256371
4519730826
4509681273
4328197506
4092587361
4820156739
4053961287
4108765293
4150836279
4976028513
4320185976
4961850732
4785621093
4397061825
4215876930
4673802159
4753862091
4650218937
4281679053
4019235687
4831960725
4279651830
4031758629
4160798352
4509728163
4058316297
4569813702
4958036712
4796518203
4651978023
4563871902
4639175802
4693702815
4986573021
4325871906
4683275109
4395071862
4598362701
4305921678
4569802371
4651937082
4123857069
4135980726
4780253916
4528609173
4590168732
4302789561
4875103269
4625803197
4085371692
4831607592
4910587623
4651739280
4158926073
4609238715
4358976210
4358127609
4829603571
4062398715
4731689205
4875309162
4512807639
4932670158
4093287165
4168205379
4093678125
4807165293
4913526780
4657132908
4809216357
4037195268
4295380176
4089513762
4569170382
4918357602
4169253870
4930627185
4637851902
4652879013
4260185379
4690251738
4516839207
4596273180
4753196280
4806371259
4913567208
4613289507
4067895213
4681953270
4630718259
4539082716
4658019732
4831096572
4950238716
4153926078
4870659123
4893756102
4853609217
4986250731
4870516923
4260175398
4650138927
4985370216
4598361027
4513972086
4160725938
4708132695
4082369175
4837956201
4652307891
4609712538
4038972651
4328609571
4507692318
4791326085
4150728963
4793012685
4305281976
4216853709
4615392708
4176203598
4831506792
4635170982
4179832605
4287651390
4176528930
4673051298
4103275896
4079152683
4127509863
4768593201
4179650382
4269150873
4387106295
4096182735
4539021786
4918365720
4526913780
4872960315
4368905127
4278610359
4215796830
4162093875
4783056921
4170928536
4523170689
4085621397
4596178230
4570219638
4396528107
4517392086
4160357982
4536019287
4398176502
4631057982
4910783562
4156820397
4807136529
4138705296
4685730291
4890173625
4605372819
4508697321
4376928510
4716289035
4791536208
4108536729
4731609582
4163528970
4816039725
4753869120
4186930275
4758390216
4096718523
4156983720
4513782906
4650217398
4371625098
4981576023
4351269078
4127306895
4072319586
4963782510
4931075826
4132908756
4283761905
4921807536
4275180936
4620958731
4169082375
4109735268
4987302165
4780612953
4296375108
4263195870
4183907265
4681750392
4692380751
4201369875
4205893716
4937012658
4657920318
4127395068
4659702381
4083621759
4792830651
4365709218
4095721368
4650987231
4158362970
4709135826
4608125793
4589710326
4802915763
4379082156
4189257063
4512097863
4508723916
4890715236
4715063982
4580971263
4763159028
4381590762
4062793815
4025193768
4892317605
4689573102
4287306951
4502369187
4203891765
4632590178
4680912573
4986730215
4918532670
4317608259
4861203597
4356279810
4158629370
4315268907
4673250891
4871065239
4536921078
4567139082
4301926875
4809631725
4183705926
4972635108
4027583619
4087216593
4935172860
4127058369
4385720619
4253189067
4607823159
4790382615
4287693150
4270385196
4510938267
4713695208
4201739568
4109673582
4509783261
4367209581
4513807962
4728315690
4736091258
4270391586
4960253178
4735820619
4071826359
4391628057
4526017398
4706852931
4025891367
4590761283
4961375028
4617982305
4032195786
4179530682
4091657823
4150689372
4275360918
4218975306
4187096532
4356087129
4925168307
4623058197
4975860213
4570932618
4936851207
4657198203
4819632705
4835061729
4192853706
4103928576
4578301962
4639715082
4178290365
4069758132
4159630872
4952860137
4398125670
4157098623
4589273061
4385906127
4309628751
4279106853
4726031598
4915078236
4059617832
4063517289
4578329061
4531862079
4356789210
4290853617
4630521879
4763980215
4725310698
4056713289
4218703659
4125039687
4207518639
4970318652
4213068975
4823076915
4015963782
4836192705
4217503689
4356982710
4253680179
4931206785
4782960531
4278396051
4951672830
4528136709
4862503917
4265398017
4670235189
4205798136
4278095613
4690851273
4257813960
4801375692
4173685920
4870326195
4210765938
4561837209
4036295781
4693507128
4205368917
4763921058
4031528697
4657820193
4298671053
4639180257
4793258610
4075683912
4712603985
4069321857
4201376598
4831976205
4835912067
4975618302
4826319507
4510639728
4308976251
4563892107
4205879361
4053172968
4087539162
4951308726
4251783960
4179836502
4127905836
4510983762
4763192850
4603817925
4930572681
4612308957
4516907283
4057869312
4573962810
4971653280
4578926103
4189260573
4082516379
4275963801
4086719325
4976081532
4058713629
4960538172
4108576923
4873215690
4769238015
4015267839
4680135792
4827630159
4329517680
4287159603
4631592870
4617029538
4237168950
4973621805
4657021893
4582103796
4698307125
4350912687
4380275619
4610527938
4275319806
4061592738
4129685307
4958310762
4278635901
4096152837
4376918502
4836921507
4826507139
4387296510
4207965813
4163085729
4952387160
4076318529
4903512768
4523791680
4018956723
4039712856
4981237605
4619572803
4280156973
4762510398
4357108629
4683201579
4532907816
4913827056
4217385069
4932765810
4532817690
4036829751
4936528017
4689210753
4682031759
4018236597
4162037589
4986357021
4352901867
4695280713
4836295107
4698705231
4013789625
4063751829
4591870362
4279163085
4187502963
4921685370
4218795630
4073251869
4173629850
4805967231
4297865310
4912703865
4187320569
4582109376
4307281659
4093785261
4079253618
4236901857
4703615982
4890261735
4952178036
4652130789
4672589130
4615839720
4516390872
4015283796
4801973526
4892561073
4961273058
4938512076
4085397612
4531968720
4960187532
4705916283
4826573901
4275310689
4173658920
4752913680
4639027581
4310576289
4512397806
4523076918
4395210687
4716980235
4953268170
4903271865
4862139057
4951270386
4195326087
4315672089
4068957231
4176980523
4059381276
4832971506
4256098173
4956723810
4902573618
4593806712
4592730168
4680753921
4910632875
4107356892
4692157830
4897205613
4135087269
4865037912
4802967351
4236170859
4368102597
4816250937
4078293615
4697352018
4091783562
4089267531
4291078563
4210589763
4270596381
4205613987
4396258170
4967013825
4673059281
4173508692
4571368029
4276980153
4916853207
4507289316
4803751296
4318026579
4065187932
4315760982
4910586723
4617385920
4738952016
4302159786
4192685037
4963027851
4597183620
4531729806
4190263875
4510672893
4785691032
4938621507
4053681927
4057961283
4670891523
4069752183
4356270891
4062371895
4638790512
4359617820
4519836270
4792138065
4581723906
4895302617
4893750261
4395720186
4281369075
4315706928
4059378261
4036857291
4385627901
4136570928
4379051286
4032679851
4208651397
4057628391
4279035861
4895230176
4529318076
4729580361
4381207965
4758239601
4739608521
4312698507
4370856912
4351807962
4765109283
4059263718
4527016938
4623971085
4196257803
4127896053
4783590612
4238591076
4638521709
4681902537
4872930651
4578093612
4098357162
4658129073
4963178205
4379015862
4351879062
4281630579
4938207561
4803675219
4963701285
4026359178
4952187360
4086593127
4752608391
4063728915
4952816037
4025196378
4318796205
4371925860
4605798213
4592368710
4392856107
4836529701
4291037865
4135678902
4618953720
4726519380
4265370198
4519072863
4632517908
4751026983
4732596081
4612589073
4956208173
4807921563
4623879150
4078193562
4689520137
4918206537
4136572089
4712803956
4976532018
4758063192
4529178063
4517369082
4126589073
4519207368
4058976312
4365097182
4052681937
4903567821
4810275639
4258976310
4357206918
4078916325
4321589076
4018237659
4358027619
4931068725
4817325690
4831207659
4820193576
4617829503
4176093825
4265718093
4763981205
4516298037
4835610792
4268073591
4902731865
4528073691
4935216870
4812560739
4356290718
4106579823
4927135860
4763502819
4528096731
4168307295
4038952671
4872931560
4603819572
4387961205
4862305197
4075291863
4132578069
4368201597
4268513790
4153728609
4972518603
4329105786
4892371056
4215076389
4029831567
4390865721
4712836905
4963572108
4513027698
4852301976
4309865217
4123507986
4316087259
4259163087
4610529378
4157926083
4609312857
4875103926
4635082917
4295376810
4230698751
4286157309
4961753820
4057982631
4580627913
4728103965
4586207913
4731258690
4615207389
4970352186
4368501972
4951370682
4603278519
4961720385
4961875320
4780516932
4576089123
4706528931
4372086591
4827306519
4680921735
4672053198
4038671925
4850721693
4792381560
4718563920
4761358029
4215963870
4805197326
4893701526
4382075961
4718350296
4627105398
4528316907
4260537198
4931685702
4963750182
4185062793
4318265709
4513890276
4593716280
4681325970
4325786091
4083721695
4286193507
4239160857
4967132508
4981527630
4082165397
4917265830
4185397026
4836592107
4635807291
4081257936
4250798361
4831579206
4758129360
4356780129
4379621850
4352169807
4718205396
4917503286
4381729506
4527836190
4356098721
4052938671
4287051693
4591207638
4936782501
4628053197
4871325609
4526710839
4236157980
4217859036
4259018763
4523187690
4670512839
4521798603
4051897236
4389076521
4913087652
4296185370
4893152760
4039861572
4625098173
4592068731
4206179583
4609158237
4938071652
4827963510
4605271983
4726058193
4098716235
4132690875
4695120387
4678920531
4835072196
4679130582
4206785193
4320795186
4073921865
4923150876
4708925613
4631702985
4031586927
4762805931
4051692783
4752190638
4953021867
4278560931
4087163529
4829031576
4293501786
4826513079
4709863125
4520138769
4058612793
4259780316
4689207513
4576183920
4901586327
4128670935
4635279018
4689107325
4351698702
4629810573
4258619307
4215380679
4812370569
4635218970
4815367209
4268530917
4508926137
4560371289
4908312657
4852316970
4871529630
4821570369
4915067238
4528139706
4518362097
4867325091
4237918650
4568739021
4321705968
4871290563
4968327501
4327189506
4971253680
4251736980
4279850316
4931607852
4063718925
4568203197
4809627315
4089271653
4029183657
4820531976
4508673219
4172639085
4180753629
4809231675
4907613258
4592631087
4879026531
4207539186
4276935810
4687059231
4107836295
4601352978
4683209751
4879602135
4026581739
4395068712
4083675192
4562980713
4268073591
4102397856
4357618092
4621379508
4728396051
4182567390
4320675198
4236917508
4871053962
4920571683
4163250879
4829361507
4305786219
4016857923
4563721089
4925671830
4568032971
4603257819
4528961370
4632570918
4875296103
4863217590
4652180739
4615793208
4830261579
4952867031
4937081265
4762503198
4123978056
4709581632
4309625871
4689301257
4826719053
4706213598
4972158063
4398562107
4378562091
4685912703
4795860321
4783195206
4621738905
4736512098
4092871365
4869752130
4781239605
4701529836
4523017698
4895037621
4673210985
4095731628
4073682519
4091825376
4287591360
4657093218
4739152086
4723059168
4860197235
4150723986
4781263059
4719568203
4721965803
4362179850
4127839605
4217380569
4265301897
4578302169
4580126379
4230157896
4701928365
4910523786
4837056912
4091576823
4509613827
4678915203
4735281690
4157982630
4596378012
4861092375
4528317069
4915036827
4905137826
4365128097
4916053287
4715926038
4719326508
4736105298
4670259138
4397856210
4168093527
4687953210
4816950327
4963251708
4291307865
4392610785
4081752369
4681529037
4203751689
4139582076
4957136280
4593671028
4120983756
4652319087
4572398016
4368795021
4619082375
4896510372
4782013956
4736295018
4715692038
4716395082
4957083621
4530967812
4321598076
4716329058
4827961350
4718369520
4738190652
4802176953
4359672108
4918265307
4908375126
4630812759
4317205986
4925376081
4089235167
4760938251
4986531720
4725019836
4326089571
4790651832
4729350861
4129708563
4573219086
4675218039
4372508961
4612793580
4308792516
4659780321
4096218573
4759203168
4602571983
4219067853
4219657803
4639752180
4605738129
4380769215
4259103867
4209315678
4658273901
4209731658
4923587016
4362189057
4870163925
4257380196
4178352906
4639182570
4071268935
4139027865
4516027398
4671902385
4502831976
4951806732
4516098327
4109257386
4281679035
4903528671
4219650738
4025796381
4072891635
4028613579
4360528179
4962178530
4852139670
4506371289
4958216370
4930156827
4378951206
4781956320
4017328695
4276193805
4590681237
4921860537
4873562901
4630159872
4952017386
4321078659
4629175083
4928107536
4021385697
4593786210
4368521907
4195760283
4985267031
4562973108
4907582136
4819736502
4862357109
4692378105
4623798510
4517098632
4865027139
4936025178
4756201398
4213659708
4502318697
4352086917
4296781053
4283051679
4309615278
4719860325
4698325170
4695271803
4829156307
4625031798
4126098735
4178253609
4139850267
4175069283
4187925360
4098531726
4256703918
4053782196
4539720618
4591728603
4918205763
4069281537
4019586723
4102736589
4160953782
4601758329
4927608513
4537186209
4215967830
4089276351
4891367052
4851063972
4967253810
4265798301
4073925186
4053928167
4231795086
4375120986
4763028519
4823756190
4362017985
4097381256
4912076538
4375260981
4781396520
4087651932
4958276310
4698137205
4561287930
4308517962
4927168503
4180725963
4530871296
4853961027
4075693128
4372856910
4831605927
4859267031
4320851967
4230167895
4296130578
4598361207
4836219075
4856312079
4157892603
4198032576
4017235869
4196503728
4758106392
4172569308
4250318976
4305169872
4579612830
4650327189
4125368907
4630289715
4230976518
4301895762
4765213809
4183650927
4613072589
4803725619
4102975368
4895710236
4031968752
4029783516
4608192735
4850931267
4128509367
4380915267
4195280673
4256081379
4268197503
4203691785
4860723915
4637910825
4398012675
4751263089
4317869502
4519806237
4572961380
4198257603
4208751639
4517362089
4876952103
4170635298
4581796302
4720861935
4987560312
4761290385
4760293185
4892670315
4075382169
4103678295
4169308275
4216908753
4821953670
4976083512
4189073562
4786302195
4063785192
4915267830
4751032968
4578132096
4980375612
4730825619
4397821506
4670893251
4789156032
4916253870
4028357619
4985073261
4871650329
4027386195
4015739286
4259807631
4731628095
4917658023
4760982513
4921576380
4253106798
4617953280
4671538092
4861397502
4632809571
4279586031
4678509213
4817302569
4371085926
4208953761
4153860729
4708395621
4021756893
4165937082
4683172950
4786102395
4503917286
4169270538
4035827169
4653178902
4853692710
4732160598
4318957260
4850162397
4653087129
4293658701
4927806153
4186375209
4218639570
4205687391
4763509281
4235678190
4857162039
4796105283
4031695728
4591320867
4016753289
4607398512
4872103596
4605713298
4785031269
4182795306
4692758103
4587230169
4702396185
4679851230
4073162859
4652107938
4639718025
4081795362
4169053278
4937520681
4185937620
4836791502
4517096328
4326750819
4361208759
4358927610
4751832096
4917826053
4086279135
4596817203
4362718509
4865710239
4186259307
4793615802
4381765920
4962105837
4369175802
4623819570
4798512360
4057962831
4793601825
4168523709
4076398125
4150769328
4291673508
4286753190
4582139670
4572091683
4732896150
4235098167
4082917356
4632981570
4673180592
4678910532
4650839172
4602879531
4572698103
4859620137
4726138509
4985312706
4075862139
4869153027
4679130285
4138506279
4938502671
4726359018
4785063192
4350287196
4352791680
4067935128
4361295078
4573168920
4728351690
4138902657
4785910632
4501986273
4658309172
4720815936
4081592367
4279803516
4510829376
4182590673
4936018572
4073216598
4257981360
4369217805
4097623815
4962570381
4190682753
4238956710
4123587960
4259810736
4327618905
4307129658
4572936081
4906537821
4057916238
4239506781
4795382061
4857296301
4398276051
4063285197
4635278901
4310829567
4971532680
4079681523
4091856723
4960731852
4670893251
4209315768
4510379286
4872530916
4296183570
4316927850
4087615329
4071528369
4758106239
4925810763
4519206378
4793512860
4513098276
4038652179
4312876509
4219530876
4618930572
4021695837
4281593076
4317029658
4231087659
4091763258
4753820691
4871209365
4098175263
4859361027
4025837196
4139780265
4685279130
4178269305
4816532079
4631897025
4689257310
4918350672
4805392617
4120759638
4571680923
4317965280
4897056231
4059632781
4962015837
4689032715
4296503817
4963102587
4623701895
4283765091
4368291507
4079361825
4681209537
4021753968
4612073598
4587391260
4132058697
4823107569
4231860597
4168057932
4658723091
4950237816
4826315079
4718293506
4182739560
4815260739
4651087392
4725130968
4851736029
4586207319
4579806132
4152973086
4621375890
4301859627
4628317950
4873195260
4278035691
4928175360
4815602397
4067193825
4186079325
4602815379
4109625738
4179028635
4268305179
4598610237
4287316095
4987506213
4852973160
4152803697
4971385620
4538709621
4629501738
4631258907
4718230695
4237891056
4357280619
4391608527
4568037129
4278610539
4563198720
4329076518
4853627019
4527063189
4362097185
4530729816
4895670132
4270589316
4567281390
4398627105
4725168930
4190532876
4312980657
4190237586
4610835972
4269531078
4617092538
4092753168
4015973286
4780321956
4925061387
4258063179
4372156890
4502831679
4579162830
4710659238
4607832591
4095371826
4218370569
4985631027
4081752963
4739508216
4371689052
4018592736
4170539628
4670523981
4130786529
4530681792
4397165802
4961573028
4328150697
4380762195
4287309561
4713650928
4752306918
4503796812
4237581960
4862079531
4186597320
4068931725
4901758236
4527016389
4673109528
4187920635
4301726895
4967325018
4371652890
4951327680
4381207659
4365021897
4269315807
4281905376
4359108627
4370895621
4398215706
4062385719
4901835672
4926031857
4971860235
4520687139
4107826539
4285036179
4981562370
4927831560
4701932856
4625078319
4892056317
4870539162
4873910256
4120693875
4915730286
4763280915
4123807965
4231795806
4503871629
4078693521
4987512306
4627051938
4702913865
4538291067
4261890753
4719062385
4291378065
4902168537
4358072169
4736195280
4265937108
4916532780
4729103586
4197056823
4698720135
4578609312
4685032791
4821569307
4127360589
4273016958
4076839215
4857620193
4517936082
4521769803
4120987356
4235708961
4670952183
4780526913
4392861057
4927358160
4361590872
4681250397
4583610279
4591760283
4302867159
4297810635
4725190386
4917563082
4326597018
4527690831
4365209817
4239870156
4835169207
4180963725
4135687092
4785130269
4560893127
4896075321
4980276135
4153697820
4593681702
4365710289
4130987265
4692817530
4731286905
4257396180
4628013975
4537192608
4967251803
4196370258
4569130278
4812957603
4175963280
4168572309
4023859716
4132690758
4713986205
4396580172
4357128906
4891236705
4913576280
4690382751
4253769108
4506982713
4680297135
4253601978
4085239167
4083172569
4817036592
4289075361
4809351726
4092538671
4218793605
4623175890
4075639821
4169275380
4125093768
4157396082
4762359180
4067852319
4239650178
4823167950
4876159203
4510362987
4537601289
4657921038
4013698572
4623178509
4378129056
4893620157
4095267318
4179286305
4390186572
4235670981
4509861732
4380952716
4795231806
4871926503
4961052837
4367258109
4325061897
4072983651
4056279831
4967025831
4273658910
4758023916
4075369128
4520867913
4358219607
4369285170
4375012968
4871603592
4682095137
4218576039
4583620179
4976815302
4930625718
4230985716
4281596307
4796032158
4952738610
4836790125
4216905387
4015973286
4758390621
4982153670
4927108536
4096182537
4810965372
4370829615
4506831927
4715039628
4871036295
4890621573
4193086275
4623197850
4192356708
4218037965
4217503869
4092371856
4615209873
4863750129
4057123968
4395870126
4862105937
4751230869
4293176058
4720368519
4038259167
4682397015
4375206189
4893275160
4238915067
4736029851
4756290831
4579831260
4736520198
4958032671
4215867093
4139275608
4685397201
4016589273
4370926185
4158926730
4087139562
4658293071
4718265093
4795018263
4928053716
4079136528
4860752139
4703189265
4620385197
4508621937
4095687312
4591367820
4396085712
4381796250
4928365170
4279361058
4397206581
4289160537
4869720315
4672185930
4059683172
4896250137
4608397125
4126837059
4723509186
4370829156
4798215036
4731095268
4850361972
4390652781
4076139582
4679215038
4309852176
4365107829
4591763802
4305872169
4061839725
4270319865
4057639281
4607138592
4823569017
4712068593
4279683510
4675139802
4186539702
4130285967
4789326051
4817063592
4302958176
4152638790
4830951267
4376502819
4781605392
4279506381
4027935618
4312578906
4018372596
4972563810
4083692715
4782039651
4962570138
4853672109
4682109537
4523978016
4513970628
4697832150
4675210389
4807315269
4816375920
4102589673
4976138025
4625901387
4063759812
4201658397
4193560827
4028716395
4381276095
4297301856
4325680971
4159308627
4916087532
4607152389
4613895072
4586301729
4891627350
4935867021
4523678190
4387950621
4138062957
4039826751
4315609728
4987263105
4019832567
4378209516
4251069378
4178302659
4172938506
4150967823
4206513879
4763850912
4125807639
4359086217
4239018657
4359026718
4637215098
4809216735
4632798051
4651938720
4025176983
4215703689
4826750139
4690817532
4609358217
4891376502
4978260153
4582103697
4625139780
4832069571
4753128690
4068291573
4795836120
4081657293
4958137602
4721568930
4217506389
4703968215
4798103265
4027136859
4768923105
4759306821
4986530721
4281573069
4180952736
4825107369
4216709385
4910658732
4963250871
4973258016
4192376058
4213957680
4362875109
4786253190
4863270159
4893675021
4627301598
4063825179
4076319528
4902578136
4618075293
4698137025
4950213867
4862519370
4261835970
4705321869
4759381602
4352968017
4731260598
4295318076
4357920681
4329816075
4876015932
4752380691
4123869507
4356721908
4701283695
4783021695
4836905127
4610372598
4167920385
4205817936
4231065987
4802973615
4928073156
4680732195
4265830179
4167823590
4718523960
4708593126
4891075236
4730619285
4902763815
4509231687
4398067521
4275301689
4128753069
4057921836
4017293865
4792538016
4879530621
4793620185
4528709361
4097638125
4568932701
4039561278
4783260951
4395128760
4930287561
4627503981
4526971830
4605138972
4287631509
4720685913
4209381765
4381670529
4086529731
4962870513
4850132679
4162097583
4283597610
4270386951
4093182756
4219078365
4516382790
4108327965
4163895207
4271850693
4812795630
4258376091
4925761038
4739081652
4259163087
4692735108
4173925860
4762935810
4875391602
4130689572
4235607891
4631092875
4951360782
4029368715
4678309521
4657830219
4732986051
4953216708
4315986270
4527136980
4570862913
4398762015
4891560723
4078325169
4638109275
4839067215
4297610358
4653729018
4812307596
4629180357
4250378619
4820671593
4215786390
4761523908
4879130625
4680795123
4658071239
4207689513
4351708629
4608293517
4780215396
4560291783
4716280395
4687953021
4589106372
4309261587
4258361079
4672083951
4316859702
4316079528
4903716582
4850762139
4130296758
4856307921
4863209715
4205361987
4180573269
4970216538
4603825791
4027538961
4738960251
4917602538
4375286091
4251397068
4697582301
4861395720
4182637950
4196273580
4589107263
4672318095
4091563827
4798563102
4158290637
4901765328
4213975068
4927068315
4293706185
4652783190
4732586910
4352719086
4920357681
4671385209
4306295178
4902718653
4506289173
4876235091
4178025936
4762805139
4692578130
4612905378
4521906738
4673581920
4792156038
4205361987
4310792586
4268190573
4523897610
4108756239
4908236751
4157239860
4357690281
4965127830
4937215608
4568301927
4621053798
4865372019
4897253160
4862750391
4295163807
4239860571
4259783016
4318956027
4281563097
4276803519
4862039175
4791530826
4502839761
4861935207
4308256791
4236097815
4715382690
4172089563
4801327569
4698350721
4025679138
4937651082
4507382169
4857306219
4038697512
4096328517
4371528096
4532790861
4637182590
4256071893
4173580629
4392867051
4185609237
4769208315
4619378025
4206513879
4863105279
4263015978
4350682971
4231976805
4016385927
4658207913
4127805963
4852106397
4769352810
4725910683
4938172650
4132786590
4329076851
4187603259
4870391526
4718350926
4178625039
4016928357
4852607193
4823197506
4503162879
4827316095
4106573892
4306918275
4056291738
4307165298
4802176953
4156027983
4865170239
4235091786
4573961208
4690521738
4957820361
4180653972
4856230719
4073129685
4305918762
4619728053
4960132758
4015372986
4201896573
4952831076
4129053678
4097352168
4981357206
4907315826
4928751306
4589631702
4287965103
4721586390
4679052183
4913256870
4890371256
4076213958
4690718532
4568732019
4712390658
4650812973
4507281936
4820693175
4570163289
4928753610
4256198073
4365172890
4671950238
4759628013
4326970581
4910625378
4612795830
4396258017
4108257639
4026371895
4318925760
4506923871
4703956821
4931862075
4928567031
4791208635
4263519870
4972158306
4827305916
4921306875
4752961830
4938216750
4132096758
4608713925
4320695871
4953708216
4952381067
4782619035
4568901372
4579036281
4536097281
4873502196
4871560932
4058269317
4630298571
4056218793
4296350187
4586917023
4053268971
4310762958
4819072563
4361527908
4312987650
4928107563
4769512803
4865310279
4506293718
4971563028
4275861930
4867590132
4082396571
4798105326
4603712958
4790536281
4759023186
4693817502
4583907621
4307651298
4961352078
4631578209
4207856913
4350916728
4132087695
4912538067
4187526309
4156082937
4592768130
4980762351
4178590263
4057926813
4529638017
4765013829
4276039581
4768315920
4027536198
4729308165
4956278013
4873529160
4018723596
4921637085
4390178256
4028619735
4236915087
4571269380
4720913586
4193527086
4267908513
4152397680
4820756931
4025189763
4376280195
4072596183
4798536201
4602319857
4012596837
4576021983
4183507926
4382057961
4197320568
4852037691
4786539210
4259187603
4723685019
4369570281
4503719628
4276158309
4637902851
4239706158
4236180597
4530976182
4529360781
4269530718
4780129563
4197650382
4891065372
4935278061
4305971268
4896257103
4578291063
4759082631
4680372519
4790385612
4572368910
4706528139
4658917302
4367285910
4952861307
4389521670
4367082195
4325087196
4625103879
4913025867
4270953168
4832596071
4528063917
4879610325
4325689017
4692180753
4576103829
4582319067
4673895102
4837916025
4591082763
4182790536
4523701968
4263859071
4673809125
4523160879
4712365809
4317692085
4785130629
4715360928
4571089263
4186205379
4021938675
4615092837
4679208351
4253190867
4329761508
4132960875
4351608972
4513872609
4019325768
4709385261
4519720836
4985213706
4935062187
4601583729
4059261738
4890517623
4268371590
4530862791
4196208573
4193768250
4680795213
4931520678
4513029768
4785239160
4293851607
4910782635
4280659137
4801263759
4203516789
4625981073
4362507189
4986032157
4728561309
4532190867
4316982507
4582609317
4032198675
4126905378
4305276189
4685907123
4831627509
4863527910
4173298605
4960385271
4309875261
4621850397
4870651329
4651789203
4306298517
4178293065
4301789256
4802759136
4910268375
4205897361
4876921350
4136850972
4318576209
4658931027
4093571862
4326801579
4170236958
4706153829
4290368157
4198623570
4937162580
4627390581
4796023851
4325709816
4512639087
4150987326
4390857162
4036927851
4629307158
4907683152
4530179682
4967501382
4268713095
4876039125
4182630579
4682573109
4398210765
4702651893
4579301628
4307285169
4958126730
4983175620
4287096351
4136289075
4132708596
4815970263
4719320865
4320651879
4391058726
4769235108
4218759630
4867502913
4598267301
4098132675
4672091538
4185079236
4853916072
4315027869
4029576381
4308957126
4612735908
4870923165
4875962013
4182076953
4068913527
4037286159
4903521768
4806921573
4768301592
4965718320
4015738269
4713826059
4807625193
4621850937
4987361205
4192508673
4637502189
4539027861
4051823769
4871293506
4389106257
4579863021
4362781095
4697028315
4568709321
4078526319
4519382076
4620975318
4375921608
4295830716
4196283705
4390621587
4105287639
4169732805
4216580793
4705182639
4567302189
4638975012
4291768530
4753962081
4219568073
4261370958
4921087653
4207638159
4962053718
4651207938
4796310285
4165392780
4376082519
4290351867
4025867913
4603719582
4729305816
4376195280
4720391568
4902863175
4302158796
4270163895
4672385109
4837215069
4127036895
4910827356
4501827936
4183256709
4305187296
4680719235
4789615320
4238751609
4381720569
4916025837
4395782160
4236198750
4736025918
4869071352
4320968157
4251836709
4126850937
4312056897
4521038769
4531796820
4813952760
4536298170
4576983102
4789312065
4038927615
4578296013
4523961870
4365072918
4591638072
4016372985
4803269157
4630758912
4059138276
4982617503
4728059163
4092138657
4653917208
4026957138
4927685103
4107863592
4801936275
4752961308
4529178306
4675329081
4837921506
4982176035
4872591360
4682901357
4835609217
4925870316
4126798053
4780396125
4683952017
4628710395
4578291036
4612783590
4758023916
4137605892
4829613507
4509167382
4356291780
4723519086
4906571238
4195328760
4908715362
4593267108
4603195287
4578610293
4612980375
4386201957
4570126839
4268157390
4298507631
4561932870
4231805679
4183569072
4615802793
4671938520
4278590613
4916507382
4832790651
4685032971
4635207918
4816927530
4502819376
4397805162
4139270658
4901826357
4270189635
4120386957
4268391507
4362509178
4136098725
4273805691
4786203591
4058132967
4962530187
4567123890
4873915026
4287651903
4930872651
4069238571
4985237601
4630957218
4865392071
4695372018
4285376109
4918652307
4631759280
4973168025
4517629380
4957308216
4210835976
4562810937
4893650721
4627850913
4510823796
4587936201
4613597280
4781653290
4365091827
4182930567
4297106358
4016529873
4750819632
4821305796
4305278691
4091657328
4690173285
4617392805
4820536719
4138906752
4907218635
4613089725
4527398601
4598207613
4321860759
4537860291
4395716802
4398102576
4381096572
4687209351
4890726315
4896153072
4510827963
4580976213
4801723695
4768201935
4925780136
4860125739
4762985031
4793082615
4873016259
4795826130
4691053782
4513698072
4605297183
4953706182
4693058712
4670318925
4702319658
4706819532
4890762153
4571893206
4186032759
4136982750
4078259361
4518763902
4179038652
4871365092
4986215370
4623157089
4790538126
4305187296
4781523069
4785032916
4705813926
4673582190
4529061783
4571963208
4317950286
4867523910
4832967015
4692780315
4071528369
4857263091
4103527869
4371028956
4729301658
4507168923
4103862957
4967230158
4763952081
4751029863
4567201893
4130752698
4963782150
4612783509
4531879026
4971506832
4107389265
4751238906
4529803716
4367018592
4951608732
4930281765
4581920376
4013687592
4230781659
4795310628
4305182679
4271539860
4951260873
4812657930
4597826301
4129387065
4961528703
4126053978
4730169582
4615389702
4972301865
