5916824703
5297806134
5127408639
5082197436
5629437180
5239186470
5429018736
5619803274
5831702496
5907481623
5296048173
5826937014
5324708691
5091782364
5712049683
5723690418
5340621987
5230761984
5732014896
5843629701
5621987304
5934728610
5749360281
5403627198
5469183207
5601987423
5974180263
5201483697
5203697184
5762184903
5236098417
5038691724
5843261790
5729310846
5864309271
5198270436
5406981237
5814267039
5481679302
5670294813
5143206789
5281079364
5061328497
5719320468
5461302879
5316249780
5237914608
5720684193
5720416839
5023468197
5087213694
5908216734
5632708149
5617809234
5347960812
5941360782
5760814239
5018294736
5713498602
5290318746
5860214793
5210367489
5260813794
5917386420
5182376490
5294386017
5316847209
5276130984
5847619203
5106832794
5793142806
5214893706
5437620819
5678103294
5789620134
5486013972
5261987304
5478623109
5684019732
5923874601
5029716834
5012943786
5780231496
5847620931
5410837962
5179643082
5049163287
5469082137
5367194082
5410867293
5841209673
5172308496
5798613042
5467830129
5042768319
5421678390
5046129837
5342160897
5192604873
5329764018
5406197823
5480972631
5430169278
5392761804
5170642839
5739608412
5672804913
5702613489
5460912387
5478310296
5176294038
5874632091
5790182436
5817236904
5286049137
5102783649
5621930478
5421086793
5324086917
5342716980
5697812430
5306791824
5046138729
5124869730
5279634081
5169023784
5098146372
5236179840
5041839762
5426170938
5730864219
5176892034
5291648307
5791420386
5748319602
5614782039
5348726910
5641209378
5348102679
5162379408
5269813470
5278039146
5836724901
5817230946
5826071943
5802746391
5468197023
5912084763
5026781934
5243086791
5073961824
5263908714
5189620473
5320846971
5862047391
5721946083
5791286403
5423167089
5204763891
5239647108
5891042367
5913602874
5468102739
5403198267
5087962143
5214807369
5328416907
5728139406
5302946187
5872193406
5369142708
5240698731
5261908743
5610389472
5826319074
5976824013
5970182643
5804379162
5096834172
5037241986
5942036817
5940267813
5819637420
5938014762
5943681720
5602149378
5671489032
5937621048
5127689430
5123807964
5630819724
5702981436
5367984021
5890136427
5379182604
5924867031
5897601342
5038429176
5370861249
5170632849
5260147938
5761398204
5276819304
5230487196
5368074291
5827604913
5204193687
5103246879
5628140793
5247083916
5270431986
5094873261
5210973486
5217094638
5976230184
5863914702
5241680973
5430976821
5142968730
5293670841
5369248170
5497326018
5613702498
5348601729
5081649723
5269183704
5106892743
5461270983
5129364780
5643918072
5184723690
5920816374
5317869042
5786934210
5027416983
5962138407
5670248193
5263198047
5987463210
5948276301
5816497230
5134976028
5823046719
5730689142
5670389241
5870692341
5197302684
5078634219
5871092346
5460792381
5240389716
5891074623
5347029618
5081623947
5742318096
5106798234
5980713624
5604937218
5894713206
5423968107
5280149637
5471308269
5490163287
5693742180
5640219837
5380674192
5267143980
5390481627
5367092481
5367209481
5738421690
5417362890
5431768920
5824169730
5274081639
5286473190
5263089174
5342160798
5876941023
5831702964
5219760483
5413079826
5268317409
5761824093
5890231476
5061984237
5840721396
5830269147
5016328497
5397648201
5489267013
5178603492
5697038421
5243916870
5894067123
5280694731
5376920418
5138296407
5309418762
5801643729
5704926381
5734190628
5347961820
5271904368
5647129803
5024396178
5049132786
5607824913
5938420761
5169482703
5432806719
5320798164
5092617348
5497138260
5397682140
5247930618
5410897362
5398471206
5418209637
5703489162
5968072134
5940237816
5693028174
5786320491
5074932168
5169478203
5280761493
5381269047
5347918206
5276843019
5847392160
5623479810
5791360482
5461038972
5360279814
5416207398
5680231794
5764831092
5208149376
5340681297
5217980436
5706942381
5628490173
5398264107
5609481372
5104869723
5364209817
5814936702
5826749130
5104863297
5239764108
5186207349
5261709843
5937481260
5428193076
5471603289
5469120783
5896130427
5392810647
5420196783
5268410379
5173209468
5467320891
5371628940
5064278319
5862374109
5218697403
5408126739
5914380672
5764021389
5480731962
5390748261
5943081276
5742619380
5629043187
5829304761
5167042398
5087396142
5743890261
5498632107
5398720164
5729183460
5301698427
5761289403
5948236107
5712389604
5246039718
5427061389
5092846731
5769214038
5061983274
5307629418
5384207691
5673948102
5462178903
5410782396
5138467092
5709614283
5308261497
5037491628
5326107948
5823091674
5940172386
5019742836
5879132640
5306921784
5416720839
5409132687
5391078426
5039187642
5941780326
5421083769
5639214708
5307682941
5189360427
5018396472
5940821376
5086324971
5917206483
5407213689
5741928306
5691837024
5041932786
5421790638
5912486073
5283169407
5809341276
5186074239
5137640982
5063729184
5462089731
5281304967
5102396478
5710983462
5720346189
5267438190
5032867419
5807492361
5986231047
5983716240
5490786231
5913640827
5134698270
5780419326
5078634219
5028714693
5208341976
5973480621
5762983104
5437280196
5278691034
5640782391
5081742369
5846739021
5067431289
5478013296
5760193482
5691043278
5817623094
5127968043
5098167342
5861023497
5083964271
5638907124
5426938107
5130782649
5780462931
5793162840
5802976314
5847291360
5871039426
5692870341
5281306749
5308714296
5193082476
5417923860
5720638491
5934817260
5746213980
5946021738
5908367142
5674803129
5410269387
5907246138
5674089123
5249378160
5837601429
5267018493
5047961283
5276039814
5618249037
5432167809
5726031489
5709432861
5340168729
5734902168
5642719380
5170836249
5614738209
5203948761
5812367490
5974126038
5708624391
5749621830
5481207936
5348201697
5418709623
5129683047
5982761430
5173286409
5917048326
5296347180
5682431907
5379620148
5430178629
5341602987
5384296701
5963482017
5291864307
5762341089
5631429870
5782943061
5602413987
5081743692
5062143897
5642397081
5182340697
5321078946
5230816974
5923470816
5430876219
5021947863
5983014267
5092617348
5812936047
5478321960
5314076289
5140798326
5429718306
5842603971
5682170394
5793148206
5820649731
5247180936
5610249738
5301862479
5726491038
5630124789
5427806193
5826703419
5370629481
5092631478
5297810346
5672380941
5617802943
5612907483
5940813267
5821369074
5170839426
5160482937
5184269730
5431907286
5827069413
5629037481
5261948307
5894307126
5483216079
5287316490
5470869132
5086731492
5096247318
5634809217
5864293107
5426187039
5364712908
5360421789
5209483167
5624071893
5603821974
5691438702
5246071983
5604381792
5269041783
5846132709
5018649327
5896317024
5901873462
5783091624
5082493176
5107924386
5469387210
5071324968
5761039248
5203918746
5801243976
5623489710
5187209643
5013924678
5321896074
5734902186
5420173698
5231780496
5168027349
5128736409
5347981620
5482913706
5073946128
5491280736
5076218349
5690783421
5364708219
5471683902
5926483017
5109823674
5428307691
5384196720
5970126348
5931820746
5376049182
5634820719
5893401762
5947021386
5914038726
5670214839
5703168249
5608473219
5021843967
5179360482
5846972301
5142978603
5286940317
5381742096
5194670382
5710928436
5048971632
5829064731
5468712930
5697031482
5793480162
5473821069
5930481276
5041976382
5091782634
5189023764
5024987316
5769831402
5716489302
5490127638
5418327069
5986310724
5421637980
5173984260
5836074291
5670398124
5296713480
5178264309
5691724830
5810723496
5462719830
5439018276
5740219638
5307482196
5801349276
5927186304
5983761204
5291736840
5036781429
5498136072
5092317684
5319642780
5936214870
5097418632
5690341827
5490623781
5780142963
5372986104
5632978014
5843061972
5480392617
5376918240
5023981476
5142936870
5740931628
5817492360
5896241037
5829470631
5806743912
5942683170
5260918437
5613279840
5278603149
5914738602
5623904871
5813604297
5304826197
5870943621
5328190476
5074812693
5930712864
5237140986
5384291067
5497683201
5934187602
5162893704
5467389120
5274098316
5473802916
5082173649
5248017936
5834769012
5603184279
5684719203
5410379862
5271493068
5437809162
5702386941
5327901486
5972460813
5041789263
5839641027
5170628439
5046938172
5321079864
5907368214
5782143096
5072483691
5309648172
5871239604
5641832097
5483607129
5042861973
5176489230
5641903872
5076243891
5207813649
5942837061
5321096487
5671324890
5734126098
5801392746
5307829416
5371906842
5942761380
5861079342
5793126840
5127486309
5412079386
5830791246
5296743081
5146802937
5213976804
5164923708
5732684190
5392048617
5730692481
5817623049
5480291673
5479210683
5192036874
5389401726
5208437961
5264809371
5720941683
5362190487
5943278160
5179306824
5106947823
5063791842
5641938072
5082176943
5379481026
5194638072
5796230841
5176904823
5627901384
5431029678
5108327496
5913687402
5078692341
5784023169
5698324107
5689430127
5428361097
5347109286
5436918702
5179286403
5783109642
5708621493
5748290316
5810497236
5762408931
5716983024
5360948712
5718963042
5708496132
5630182497
5483672091
5092376841
5310692784
5018267493
5089761432
5074698132
5689721034
5209863471
5291673804
5879601432
5623087419
5346927801
5947302168
5289316740
5284936107
5894031276
5470391826
5418923670
5293678104
5947680213
5762934018
5738624019
5702184936
5930614872
5623904178
5381964270
5821673094
5098274316
5416730982
5260843179
5681379024
5471906832
5612903784
5704862319
5027819634
5728604913
5620719348
5163872904
5608732419
5098274613
5789246031
5467318290
5021364897
5462379801
5043821769
5713962480
5617394802
5691780324
5706429318
5023648791
5601439782
5491063287
5910278436
5946312870
5089476123
5304271986
5641827039
5872043961
5172389046
5840276391
5134760298
5403962718
5917326840
5214370968
5609421387
5083129764
5201387964
5981637042
5791468302
5623180749
5301782946
5832694701
5738610249
5023769814
5148790236
5412360978
5604187329
5796310248
5701843296
5109687342
5386917402
5107283469
5476902831
5682371094
5392614708
5106849372
5728619034
5172486309
5896207134
5728960413
5269430871
5701896423
5679180342
5620417938
5230648719
5682947310
5486731920
5843910267
5863297104
5089412376
5132807649
5167039482
5602173489
5246813097
5719863420
5703918642
5481079236
5491306782
5182463907
5894637021
5108794623
5987604312
5186072493
5389072416
5384720619
5802734619
5294730861
5172860439
5967348210
5791342806
5294163807
5813276940
5341076982
5493768210
5067249138
5871234069
5437608219
5284960371
5063287194
5034862917
5312649780
5942837016
5780493216
5401672389
5421903678
5493016872
5981463270
5927648031
5309641782
5716048392
5402637819
5436720189
5740289316
5426830971
5741038296
5962173048
5237840916
5746918320
5623719084
5718342096
5317902648
5604321798
5341796802
5826391740
5863042197
5843971206
5763012984
5968741203
5296083714
5694132780
5017624389
5283679014
5706283914
5738021496
5812470396
5031678924
5127803469
5497301628
5021437986
5741320968
5962130874
5703621849
5872314906
5974132086
5238961407
5031796284
5961273048
5491730286
5746830921
5671920438
5614932870
5412307986
5172430689
5638417920
5260813947
5428607391
5037948162
5028631947
5021739648
5967084312
5684792103
5138297604
5290361487
5782603194
5680194723
5039214678
5173604289
5907416832
5186902347
5317048296
5973408612
5490278631
5237094681
5310428679
5192436078
5613247089
5892601374
5208436971
5401697238
5028641397
5498617320
5793012864
5347802169
5369741802
5642983107
5869371420
5120639487
5409317682
5708463921
5647328019
5713840296
5217480693
5186243970
5348197026
5761028439
5702683419
5492176038
5902437816
5864039271
5379406821
5973416802
5469321078
5360812947
5623810479
5684970231
5301946827
5384720961
5648290173
5679312840
5982137406
5261473809
5468107239
5647190382
5742319068
5146729803
5129036847
5809134726
5302789416
5714639082
5612370489
5401963278
5493628107
5761490832
5329706148
5093267481
5791368420
5613907842
5604721893
5478632910
5760321984
5642083179
5908416273
5372081469
5921870436
5674320891
5613928470
5261943708
5798162430
5934067218
5976210843
5091278634
5462087931
5247139608
5461870329
5640893271
5037296184
5987032614
5746801293
5432017896
5389401762
5362187049
5347192680
5376814920
5379421680
5861043729
5261834790
5749210368
5361809427
5876234910
5162374809
5968401273
5306218974
5679348201
5196847032
5690247831
5720843196
5298647103
5071296384
5980472613
5628497310
5970841632
5346071892
5310692874
5120486793
5917624308
5702863149
5420791638
5149268730
5268703491
5184297603
5820341967
5842031796
5824107693
5648172039
5489036271
5306812947
5362910874
5863741209
5627941803
5492318076
5703941826
5278319046
5819704236
5689320714
5281943706
5981023764
5079234861
5734160289
5174906382
5271860439
5028637941
5276390148
5293476180
5369740182
5084196732
5832490176
5934827016
5612347980
5137826094
5031946782
5312896074
5382970641
5036417982
5016329784
5960732148
5429368170
5364720198
5406391872
5194627308
5819276034
5824637091
5180367294
5704932681
5840731269
5624913870
5619483072
5208934167
5147862390
5384027961
5870496321
5312049867
5673408921
5238076149
5023867194
5937108426
5637021498
5891423607
5746921308
5176380492
5296871043
5236941807
5123049687
5873401296
5016983274
5184327690
5932671048
5978604123
5127680349
5173846092
5084176392
5638210479
5097823146
5163094782
5403872619
5320198647
5163974082
5137428609
5297463801
5086713924
5084167329
5230487961
5872943016
5032791648
5723980614
5834296017
5807932641
5078612943
5148290376
5729608341
5126039784
5861903742
5184072396
5238067914
5031627948
5684073291
5791034268
5417036928
5361728490
5630792184
5083912647
5426108793
5764932180
5926347180
5240913678
5019674382
5472031869
5480231679
5974382016
5382014679
5823967104
5108326749
5860139472
5612378409
5097836142
5946712803
5860721493
5718293064
5906712438
5834067219
5982476013
5971642083
5198237064
5824703169
5403618792
5680124793
5961783240
5714836290
5938276401
5964832017
5936401782
5043962871
5308462719
5163870294
5603874192
5287041396
5746031829
5634170289
5026897134
5430679128
5076134289
5061397482
5286791430
5208134976
5783214096
5739482016
5430281679
5914082763
5261794308
5672143980
5820764931
5103274896
5786219034
5972084316
5738960124
5234961780
5918246703
5739218064
5147396028
5213809674
5018742693
5208143796
5062948731
5213940678
5602943718
5801732496
5194278306
5379024681
5386420179
5897120643
5924167038
5934608172
5168972403
5329806174
5940127836
5210637849
5821763409
5362704189
5180964273
5394870162
5067438291
5418629073
5023496178
5319460728
5309741268
5481260379
5603478912
5892704136
5698071243
5268731904
5163497028
5817036249
5768941032
5697804312
5378960412
5182604379
5480291673
5483706192
5762013849
5726841930
5078329614
5368291074
5492873106
5790623148
5721036498
5842960173
5164823970
5013729864
5792308641
5028931746
5817490362
5970216438
5201489637
5906324187
5178249630
5943107682
5730684291
5130972684
5319084267
5439261078
5036714298
5418726309
5371968024
5874210936
5634287091
5283719064
5783102496
5412637089
5926047318
5621783904
5603921847
5462138097
5479816023
5123047986
5786413209
5620948371
5649821073
5860943217
5843016792
5870439216
5980167423
5091637428
5790312864
5184639702
5078639214
5264103798
5180926743
5031289467
5618049237
5716928340
5423690718
5198726340
5934067281
5496012783
5390127468
5973284016
5602497138
5982104376
5729063184
5198364027
5129378640
5279104836
5291830746
5283149706
5078946321
5780412369
5763028914
5067928431
5614980732
5436812970
5839261740
5261048739
5923170468
5891064723
5790648213
5469123078
5614903278
5782103496
5987134062
5078349261
5310894672
5437682091
5246839017
5461897302
5827940631
5436287091
5267309841
5768219043
5430178296
5913268047
5408162739
5628710934
5970182364
5316472980
5687319204
5943862710
5906381427
5912673804
5976214803
5692347081
5641307928
5819460327
5342860791
5680492137
5694873102
5697321840
5031428967
5307482961
5368470912
5179023864
5072964183
5721638409
5679012384
5213679840
5423780169
5871032946
5769843201
5863270194
5481729306
5802761943
5216970843
5084972361
5197840236
5319268074
5189240736
5637028914
5839416027
5621309847
5084617329
5180624739
5071246839
5132764089
5071239486
5672914380
5860312749
5631708429
5806219374
5697103248
5781029643
5426718390
5962807341
5126097438
5760821394
5479206318
5928034617
5418263709
5427306981
5402167938
5630972148
5931087642
5493827160
5869701324
5261487093
5941807263
5907261843
5396401728
5017429683
5734012896
5480271369
5249083176
5894723016
5071463829
5273910486
5761842039
5817964302
5469237180
5739018462
5094216783
5719426308
5487923160
5461782093
5630271849
5628193704
5140378296
5293067184
5187062394
5194287306
5927814306
5301769824
5163709248
5167029384
5814726309
5286137049
5634281907
5618304972
5314902687
5807491362
5087126439
5978340162
5913620487
5179842360
5246173809
5349801726
5819064327
5736109824
5670394821
5974186302
5361094278
5704392681
5947328106
5903124786
5298107643
5269431087
5638201479
5194023768
5498310672
5340168729
5681497203
5164098273
5268091473
5962804371
5136740892
5894372610
5128934067
5804931267
5794106283
5691084732
5839107246
5428690317
5681207934
5809462173
5348027916
5479083216
5192380476
5963147208
5842691307
5726931084
5239701468
5096742381
5096138724
5319426708
5148026937
5241903678
5367129084
5847062931
5870941326
5319267048
5794201638
5637910824
5329710486
5189672340
5168349207
5621730948
5637210489
5013294786
5382610947
5642930781
5492163870
5726390814
5917620834
5947236180
5248316970
5729438061
5284390761
5894706123
5480236791
5407123689
5261439708
5984760321
5071623489
5608914732
5638071294
5870634129
5460173289
5142837069
5480971263
5207839416
5083916427
5462871309
5012639847
5693017284
5902178634
5867243019
5743162908
5046927138
5907431286
5642107893
5492861370
5680139724
5349612087
5237489610
5870612439
5201837964
5698134270
5012764893
5614809723
5260731498
5671048329
5907132648
5096814327
5092763481
5217896043
5028916374
5493870216
5290378461
5892704163
5402319678
5396817042
5128976340
5809147263
5627901843
5874310629
5670342891
5681923470
5293871064
5816074239
5372801694
5469287103
5184609237
5012486739
5946108327
5870931624
5864271093
5408637192
5974316820
5198306247
5067193842
5326418907
5768210934
5198624307
5207693418
5934670281
5940781632
5718029364
5427931860
5126079834
5478329610
5823709164
5140768923
5047138692
5107369248
5418037296
5036749218
5739804621
5419670283
5243869071
5830624197
5731268490
5489127603
5621084793
5290847613
5136487902
5320678941
5068739241
5328746901
5382601794
5376421098
5063284719
5793680421
5273801496
5618930247
5873149260
5109872463
5627941380
5842706391
5674930218
5216409387
5091862347
5648713290
5790618243
5304296718
5748923061
5613089724
5724396801
5408167392
5061437829
5046913827
5024873691
5962301847
5018946732
5182307496
5920148376
5938074621
5234706819
5268914730
5918764230
5049372816
5167340982
5837941026
5071683492
5924683710
5947630812
5068139472
5472803196
5912608437
5170923468
5742861093
5903817462
5021683497
5603728941
5316782490
5840936721
5012436978
5194026387
5978160234
5817629034
5026473198
5386902471
5429178360
5870691432
5964731082
5320746198
5694728310
5938427610
5928714630
5978126430
5420398176
5347298106
5716384920
5431809276
5283691407
5263490871
5974218036
5631978402
5846907123
5369801472
5486291037
5732941068
5890647213
5478102396
5864170293
5147962803
5382904167
5816493270
5832967104
5062378419
5269317840
5167024398
5169274083
5289431760
5942760183
5824619703
5964213807
5092431867
5746893012
5462873910
5874263019
5346902871
5604839721
5692178340
5237986410
5801263479
5187243690
5679281304
5784623910
5164720839
5691702834
5760381294
5192784063
5924076831
5934687021
5621803974
5861309742
5203987416
5781640239
5726410389
5803629147
5049216738
5918634720
5728043196
5468921037
5740139268
5230986174
5372194680
5094281763
5390127846
5261894703
5496012873
5024681793
5318046927
5643921870
5173860492
5163740289
5706138429
5216397408
5621074938
5316490278
5240867193
5897326401
5370264891
5693047128
5179642830
5014392867
5401738962
5364817209
5239068714
5490613287
5627348091
5168097432
5748296103
5023798614
5961734280
5937416028
5234907618
5417609238
5308274169
5708413296
5328619047
5368207419
5390264718
5328769014
5607148392
5346870921
5973128046
5384769102
5723081694
5467831092
5908427136
5689017324
5147639820
5420391867
5430768219
5078649321
5460291378
5863192740
5146798203
5418072693
5479261083
5208467931
5723086194
5830426917
5139076248
5481706932
5987631420
5642173890
5321086947
5481627309
5649107382
5430712968
5981267403
5421983760
5917086234
5237406981
5432790168
5143798260
5209714386
5394720168
5467219038
5247893160
5697401283
5978012643
5794160238
5819640732
5326897401
5164802739
5649102738
5096438172
5179204638
5619480237
5178039426
5431960728
5740261398
5964083712
5974083126
5427106398
5943271680
5710384926
5817423906
5430198672
5368492017
5342867019
5684239017
5892613740
5261037489
5824791063
5836410279
5486123907
5728093461
5064293871
5608213479
5680792314
5387209641
5701438296
5174986320
5730142896
5273986410
5048761923
5280347169
5237610849
5324169780
5410693782
5394608172
5196073482
5784139620
5807324196
5793201864
5139278460
5370124986
5942306187
5716843029
5726081439
5406782319
5831409672
5697142308
5036742981
5274086193
5421879306
5639742081
5432610987
5621783490
5398417206
5162739840
5748362901
5078243619
5389746102
5429307861
5967123480
5036148297
5781032964
5026714893
5729681304
5762490831
5103892476
5283170469
5637429801
5748132069
5849172063
5327680194
5937126084
5318269704
5392461078
5180273649
5762431098
5274189360
5631489720
5241693807
5376419028
5308617942
5862901437
5078694312
5148306279
5289746130
5821430679
5103476928
5073428169
5230974816
5601342987
5408329176
5069824731
5092137648
5137860294
5342967018
5261407839
5390862174
5612347890
5841607392
5697138204
5471638092
5123697480
5370126984
5137689024
5379821640
5723841960
5024893167
5827130469
5347680219
5820469137
5623917048
5617908243
5370416928
5341086729
5692341708
5402871369
5186024937
5427603891
5243019786
5018763924
5231708964
5829760413
5376920418
5412638970
5013948627
5920687431
5210487396
5739214806
5378196024
5782106934
5081367249
5604927381
5638210947
5702341689
5487310629
5218760943
5478190362
5107864392
5907863241
5280476193
5437029816
5231694870
5947038126
5384271096
5431978062
5019348267
5847293601
5729136048
5013472968
5986304712
5480371926
5847069231
5847296103
5806312497
5679823041
5098432176
5640872319
5170693482
5248097361
5890241763
5063824197
5913270486
5431098627
5803416972
5092167483
5216479803
5798620314
5620784391
5461379028
5826310479
5281640793
5791380426
5073891642
5437918260
5673089421
5380746291
5948162073
5192068347
5394680721
5104736928
5916287403
5690412837
5062347981
5091627384
5210839647
5724619308
5834679210
5726183094
5674182930
5276193408
5720461389
5971608234
5498673210
5630927148
5684729301
5492837106
5418697320
5821946703
5701649832
5620174938
5681942370
5394861702
5308217496
5326180794
5192607843
5893410627
5278103469
5271468903
5284106793
5382796410
5913072846
5460237981
5314827906
5278640139
5428970613
5423196807
5970384612
5046321879
5486271930
5271964830
5382091746
5349267801
5947083261
5240631798
5403297618
5403896721
5723691408
5074981623
5863917024
5761408239
5280196437
5637180492
5178409632
5634918027
5972814306
5681209743
5784019263
5347896201
5930687241
5264830719
5127036894
5810346279
5847206391
5087634192
5032798416
5732869410
5673284901
5410867329
5836241079
5098243761
5478032691
5378920146
5027398416
5187026439
5713620948
5483016729
5962143087
5431968072
5697130482
5086342971
5187246903
5637940182
5918360742
5412390876
5869317204
5031789246
5219704863
5903621478
5697184320
5136879240
5307241986
5802943176
5723904681
5132479608
5028349167
5817390462
5831706492
5071862439
5716203489
5231078496
5721043698
5903847261
5970426831
5612087934
5963021847
5732480691
5869243701
5970216834
5463271980
5869072143
5263908741
5938107462
5981746203
5432198076
5316408972
5107362489
5906132478
5694803217
5973821064
5124680793
5476293180
5267403918
5630491287
5084632917
5302164987
5740321896
5976148230
5602713984
5316874290
5846329107
5271390846
5917426380
5413976208
5739124608
5790136284
5083794162
5928064731
5790213486
5843921706
5749801326
5912360478
5134206789
5073216498
5731069248
5280691374
5826934017
5403791628
5187029463
5812034769
5064197382
5246908731
5034196287
5302814697
5679382041
5892431076
5673280419
5637412098
5802176934
5093276418
5869023471
5708324169
5412069873
5219374086
5319407682
5648937210
5734819062
5387426901
5387094621
5837102649
5436072189
5826341097
5480139672
5736148029
5913068472
5891073246
5182907436
5439028176
5084691237
5182496037
5619038742
5637084921
5042976138
5017692483
5492138067
5794863021
5972036841
5634290178
5941283076
5946730128
5102736984
5027183694
5792836401
5362081479
5894031672
5013987246
5620713849
5678042391
5280467319
5107962384
5908216473
5104639278
5394072186
5472631980
5630482197
5691840327
5183467029
5279438061
5167342890
5208437169
5103967248
5617830249
5870614293
5812679043
5081694372
5281607493
5940261387
5483917620
5612740893
5079124863
5109734286
5372164089
5264079318
5913407862
5728634190
5316240978
5013974826
5802643917
5347109862
5172308694
5187943620
5306891724
5982176403
5860417923
5982317406
5416982073
5423781690
5267481309
5376024981
5906182473
5071832496
5831906472
5206978134
5861349270
5783210496
5914802673
5294807631
5378206491
5768203194
5712468093
5071982463
5847326091
5160873924
5073284961
5389614720
5028794316
5924106387
5827493160
5873019264
5914238670
5702364981
5026491873
5837162904
5074138296
5629381704
5026374891
5104628397
5147089632
5843790162
5671423908
5623789104
5069471283
5072934816
5608137249
5891026473
5972018634
5087413926
5670319482
5417382906
5423061789
5918362074
5362789014
5987064231
5864903127
5021693478
5946328071
5720913864
5402863791
5342071689
5936107482
5629703841
5267308149
5392167840
5470692318
5730421986
5347620891
5140239786
5316489207
5867314920
5637428190
5460987132
5861347029
5437601982
5048279316
5786941302
5613049782
5621084739
5849276013
5719238046
5082379461
5932418670
5748102693
5964380712
5036892741
5937182064
5873046219
5796132084
5376298104
5182470396
5087361942
5402738916
5046123789
5719086234
5970834261
5037168942
5169380247
5687439120
5813702694
5780293164
5932674081
5130274689
5907843621
5463890172
5784601923
5680137924
5820739146
5710926483
5647932081
5938647201
5671830429
5842317609
5610923784
5643820719
5316784092
5926180473
5279318460
5309827641
5263170849
5071382649
5673809142
5761230984
5190768423
5041789632
5493128607
5402396817
5026134987
5789136420
5637129480
5029761843
5849601723
5807243916
5743829160
5014627398
5068172493
5671293408
5702648319
5670941832
5128746093
5821936047
5701329684
5241780693
5483709261
5942371086
5643781092
5768209413
5306728194
5428970163
5082647931
5319640278
5062498731
5246873091
5360291847
5784931206
5432018796
5279018634
5896214073
5729034816
5428360719
5973064821
5147926308
5107492836
5728164093
5071634289
5320489761
5732961084
5794138602
5463791280
5094218763
5861027394
5697401238
5497183602
5216739084
5194630872
5473210986
5640381972
5974032186
5218790634
5684371920
5723618094
5748129630
5738241906
5872164930
5321469780
5961073284
5743189602
5236189470
5086314279
5824796130
5697480123
5082169734
5481692037
5932417860
5834169027
5639124078
5103426798
5613807429
5402863197
5362947108
5703128694
5904673812
5482619307
5963748120
5207438196
5832146970
5908721346
5978462103
5273189640
5326170849
5872103694
5897243016
5641938702
5708693124
5361809724
5638170492
5387469201
5243618970
5470281639
5063149287
5937046281
5069723148
5630419278
5926810473
5842019673
5139207468
5276918034
5036724891
5743109286
5143629708
5203817946
5809146372
5721406983
5236740891
5089764213
5298301674
5974063812
5412980673
5160827439
5938076412
5839426071
5701926834
5640723198
5102743869
5398126074
5234807916
5910746328
5420981637
5718246039
5312960784
5621938740
5362048917
5732401689
5208763149
5027983461
5863014972
5436079821
5926740183
5917026438
5963412807
5319074682
5168392407
5193204876
5413892067
5420861793
5269834107
5984263017
5067124983
5327816049
5467123908
5371490286
5902876341
5372918046
5972140368
5192370684
5893624017
5641972308
5937420618
5931076284
5278963041
5741620983
5963872104
5413670298
5623497081
5196324780
5294067318
5972134086
5368072914
5376281904
5269743081
5986340217
5270194638
5043871269
5283149760
5807623941
5036924718
5742603891
5948613720
5018346792
5782436910
5392760184
5916027834
5041637298
5124073869
5807396412
5180642937
5149276803
5103629487
5124893706
5316247809
5789103624
5796042831
5320897614
5498320671
5671329840
5073916284
5871962340
5076934218
5046138927
5716920384
5873491062
5680394721
5186497230
5689034271
5489162370
5948120376
5291603748
5476182309
5809763241
5291387406
5034896721
5782019364
5820649317
5013648972
5196728304
5601478329
5643817209
5831427609
5476289031
5409627138
5761098243
5862041739
5491083267
5316092847
5807234619
5681709342
5147320698
5476839021
5034861729
5827136490
5810734296
5047986321
5276804931
5317460892
5173982640
5218049763
5784096123
5103296748
5792130684
5178604293
5602894371
5180432967
5842309617
5871463920
5348260917
5872649310
5230496178
5967048231
5617329408
5167209483
5036982714
5129478360
5193074268
5762319480
5072319648
5283069471
5127360489
5167428390
5789641032
5369012487
5731968240
5427061839
5107386924
5169238740
5826740913
5980137264
5039176284
5703412689
5612907834
5709342816
5106798342
5914327860
5014683927
5048329167
5467289301
5429786301
5236879041
5614037928
5310962784
5943017268
5276810394
5782304961
5170246983
5270891364
5810397624
5403816297
5196407238
5473162098
5013248769
5789412306
5036784912
5639104287
5096341872
5136278904
5241609837
5302674981
5981403267
5698401723
5369027841
5830469271
5791638042
5148607923
5370468192
5084937126
5386901427
5481930627
5043762189
5430791862
5061432789
5638471290
5976428103
5371024698
5320617849
5201769834
5972610438
5098371426
5810927364
5470123896
5940137862
5480126793
5879130246
5672439810
5062943817
5384097216
5236491780
5874930216
5021863479
5802693714
5182637409
5168097423
5860124973
5917632480
5804236917
5841673092
5309761482
5167342089
5274061893
5813264790
5942310768
5716390482
5210876349
5792436081
5093642187
5807461293
5370642198
5047231698
5804362917
5389146720
5964380721
5490217683
5901267843
5926487130
5790128643
5326108749
5942607381
5069132874
5180624739
5103472896
5641832079
5396210874
5096718342
5029436187
5718490623
5261734098
5046981732
5370912468
5076942831
5410768293
5497306812
5479826103
5934021786
5387109426
5603421987
5936270814
5671083924
5067319824
5671439208
5631427890
5026349187
5819740623
5762018934
5809623174
5342718960
5241839067
5297418306
5167420938
5731482690
5831742960
5790643281
5621703498
5089137246
5426913708
5362970841
5691307842
5276310984
5264708913
5639178204
5934812670
5694738201
5863209741
5376194028
5478309126
5837491026
5379864021
5367048291
5897601432
5926087341
5421739806
5927810436
5701623894
5912680743
5702419638
5026193847
5934016728
5240861937
5948036127
5043721698
5902714836
5372809164
5320874196
5306724891
5182043697
5184027396
5172648039
5384026971
5981402763
5014683729
5109728643
5460371829
5176802943
5264913078
5012639748
5482076319
5872961430
5627041839
5960413278
5172809463
5384607219
5782619403
5964203817
5809431276
5379016842
5412306978
5396248701
5073489162
5819237064
5842071693
5182034679
5094268713
5981203476
5916782043
5671094832
5706829143
5386794102
5106732489
5160398742
5349670182
5248761093
5782406913
5192763804
5674981032
5246719830
5948631207
5268147903
5437916028
5369784102
5428069137
5493821607
5473018962
5426087319
5903871462
5603429817
5428913670
5789642301
5642973081
5907186243
5268940713
5273410986
5846137902
5148063729
5309741862
5278049361
5718496203
5267041389
5417698230
5603179824
5978013426
5736084219
5130847269
5467129803
5763482019
5172048369
5728460391
5284630719
5729401638
5934086721
5031649782
5382791460
5407382169
5169840372
5327960418
5042781936
5601792438
5139462708
5740193628
5197480362
5978043612
5430296871
5107648932
5179648203
5163704829
5473062189
5678439021
5327481690
5123460789
5867024913
5018476293
5102793648
5360198247
5871602349
5701326984
5681423079
5364289071
5468231970
5320164987
5163408972
5792086143
5098312467
5074628193
5147693820
5792106438
5128670934
5813640927
5960842731
5018362974
5804693721
5682394107
5139602487
5984170623
5760384129
5130468729
5249810763
5914873602
5281396074
5386107942
5921083467
5416083297
5671904823
5497821036
5148760239
5609487123
5782910463
5736240198
5613072498
5396208714
5486017923
5923708461
5693207184
5369872410
5230479681
5307649281
5861942703
5986304271
5293078164
5049821673
5631407289
5948603271
5429381067
5230986741
5937862410
5273104896
5061298437
5376120849
5491678230
5409368712
5132846079
5142396708
5860194723
5029476813
5893027641
5912670348
5947601328
5018694723
5748620931
5806479132
5107826439
5326479108
5298017463
5417239680
5473209816
5409673218
5297183064
5679038214
5603981742
5763204819
5729806341
5341670289
5821709364
5034267918
5478690123
5012976483
5983671420
5072431896
5102943687
5726980413
5231408697
5362890714
5921738604
5398021467
5834602719
5179402638
5261849037
5172860943
5730869241
5041982763
5694072183
5163408729
5871643290
5472603981
5602984317
5390174682
5836017942
5284906713
5893710246
5014638927
5268314079
5476081923
5368192470
5162093487
5317869402
5248196307
5793026184
5876432190
5376218490
5247609138
5187046293
5861724930
5169240738
5786390142
5084936127
5042136897
5304916278
5920817634
5749180263
5397468012
5237689041
5376284910
5041397628
5729364801
5740361982
5642791803
5127403869
5802974316
5701396248
5130629748
5864319270
5127936840
5142078693
5406781329
5249637810
5927841036
5984731206
5163409728
5420769381
5734968210
5810673942
5306971824
5128409376
5798316042
5186342907
5840261937
5680471293
5236140879
5192408763
5734092816
5481203976
5164789203
5089742613
5042817936
5704369218
5823097641
5403267819
5084236917
5279140863
5419203786
5269318470
5928703146
5937614208
5271863940
5703219468
5470683912
5782941306
5071986243
5934601827
5840312697
5807932461
5713064829
5906427138
5708921643
5930864271
5074318692
5218937406
5648902137
5271948630
5702168394
5162708934
5038964217
5173602894
5631074982
5362971804
5316894720
5829743061
5971823046
5123640978
5029648713
5091748632
5482970361
5710928364
5204891736
5694731820
5723180649
5321094786
5602941783
5921406873
5467392180
5347609812
5036289471
5462089371
5124879630
5238016749
5804391762
5243967180
5378014296
5314869027
5976210384
5306182749
5837029614
5796324180
5732914608
5742680931
5283619740
5834976021
5016892734
5648703192
5926104873
5613940728
5872614390
5641207839
5712649038
5920834671
5763142098
5902143687
5298374160
5486193270
5267310498
5684397120
5732894160
5217934860
5840179623
5072164938
5167839042
5016293847
5832907164
5896210473
5796340821
5934716028
5726834190
5879043621
5824631970
5486219370
5917623048
5418027963
5632094781
5094813276
5912834607
5014697832
5427063981
5946238017
5246130879
5189437260
5192806347
5168730924
5239764801
5401639872
5817403926
5081396247
5601498237
5617923408
5038917264
5198432076
5347619280
5780943612
5463798201
5492607318
5286301479
5430692718
5870364219
5714032698
5026978413
5812730649
5361987240
5613049782
5109368724
5016972843
5283914706
5762041839
5649137028
5298103764
5789063412
5376410298
5291803746
5214396870
5734281906
5697283401
5708192643
5049312867
5607832419
5823960174
5368492170
5891067342
5890173426
5372186940
5078931624
5169304278
5278304691
5239781460
5601927438
5861034927
5906213784
5740183629
5342019768
5194862307
5987342610
5824639170
5619278430
5624083719
5908247361
5738024169
5078426319
5492031867
5402361879
5917264830
5840926713
5891207634
5182760934
5712608943
5368241709
5243760189
5216498073
5103984267
5693412708
5302698471
5947321806
5126394078
5436781920
5439167208
5460217983
5849027163
5682471903
5738091642
5964810237
5174620389
5619024738
5042736198
5963184072
5698231740
5607829431
5031679824
5410827396
5960237481
5932604781
5063974281
5983764012
5903426781
5493276108
5082146937
5743196820
5641780392
5092148376
5729613084
5974381062
5741830629
5287396401
5326807914
5397128640
5083947621
5980374261
5076841293
5873209461
5192046387
5486731029
5291348706
5198364027
5791640238
5742861930
5920347681
5963784210
5142867903
5649187320
5710648239
5863214097
5369148207
5463921708
5193820476
5307684219
5237046198
5068137294
5746302819
5706193428
5619207834
5302496871
5649370821
5410987263
5973284610
5629341708
5801974326
5942013876
5863192740
5728014369
5218409376
5104723698
5807926431
5412869730
5718402396
5210849376
5790364182
5712983604
5084629731
5190324867
5709463821
5241738960
5438762109
5143087962
5174362098
5743068912
5760394128
5863794201
5310429786
5137629840
5824076193
5068932741
5296108374
5683297104
5241637098
5197326048
5430791286
5691274803
5481072936
5930726148
5084792163
5907821364
5769832104
5317892640
5089623714
5782364901
5794681302
5941603287
5346071298
5974183260
5394672018
5948607321
5309647128
5267039841
5389460712
5860192437
5389461027
5486109327
5326048719
5073162894
5124870639
5203961478
5178290643
5412308769
5780196243
5702489316
5074913628
5912846730
5793482016
5941378026
5497812630
5401982376
5469781302
5073826149
5392481706
5940871236
5467290831
5917364208
5674938120
5067981234
5239786014
5184279036
5406817923
5061493872
5342680971
5412960738
5682193074
5641023897
5768031429
5714839602
5814360729
5207489361
5826974013
5617428930
5610427839
5046892137
5709864123
5803627419
5941370286
5409732861
5620783941
5832176490
5689372410
5248107936
5436789210
5841967320
5891046237
5046793281
5074369128
5961072384
5319728604
5086137492
5267943801
5741892306
5043819627
5769340821
5398602417
5937402186
5286719403
5349621087
5814769032
5806341729
5748902163
5720863941
5489710632
5097864123
5190482763
5392018674
5920478631
5408329671
5279431806
5140932678
5273814960
5168329704
5093824176
5914378026
5207163984
5964138207
5013792468
5789260341
5974623180
5104682739
5296108347
5987041236
5486920137
5401268739
5301942867
5704836129
5726980413
5364082197
5807462139
5746921308
5647291380
5831470926
5738019462
5193078264
5481327906
5103784296
5869024371
5890316724
5869140732
5179236480
5796320148
5418209637
5483920176
5320174968
5143968702
5073961428
5709416238
5294180376
5964203871
5826794310
5360821497
5031269487
5704236981
5807943216
5960273184
5218930476
5829740136
5927816043
5927308641
5738694021
5793460128
5428736019
5647120938
5961304782
5896124037
5720861394
5986312470
5641298307
5278493610
5248371609
5013248796
5382769140
5387146209
5042798631
5869034271
5816240937
5194870236
5243186907
5769120843
5716324098
5478096132
5348910726
5073861924
5136492870
5491872603
5269801734
5891407632
5639174280
5304871269
5680941273
5126078934
5893621047
5016974328
5720183964
5197382064
5943728601
5469708312
5149703826
5263489710
5104698327
5389621704
5942087613
5182064397
5318024796
5397068241
5071623498
5079183624
5172489036
5249163807
5294371806
5628473910
5371492608
5032968471
5807912643
5487301296
5932781046
5327108946
5432761890
5420631897
5038672419
5963281047
5012897463
5031794862
5147389620
5168497320
5873204961
5910632874
5406139782
5046291837
5437918062
5634791082
5126983740
5491708362
5348162907
5840972163
5132079864
5681947320
5879632410
5724809631
5380196742
5178269340
5430198726
5367104289
5238091746
5892073614
5231489607
5324890167
5120786439
5948621730
5648972103
5106894372
5049236781
5346290781
5849671230
5781396204
5729604318
5172038469
5213879064
5968731024
5290837641
5217084936
5164297803
5270631948
5826039714
5273904168
5481920736
5310924687
5083146792
5468901327
5087196243
5267908431
5478160329
5463072918
5691402738
5321478690
5420678913
5923801467
5483726019
5409873216
5473096128
5910724638
5302781649
5834109267
5018746293
5843726190
5061729483
5127064938
5082716934
5680239471
5698172403
5128639074
5840376912
5327106894
5420613789
5794310628
5804921673
5428936071
5271394086
5809147362
5390127468
5934812706
5963412780
5417086239
5867490312
5378260941
5496280371
5891640273
5487162930
5932871064
5690174328
5290746381
5278164039
5681279304
5217406389
5637942801
5739241068
5381207694
5604872913
5309127846
5972061384
5361972480
5320194876
5104973862
5379402618
5147368029
5146973208
5980213476
5472639180
5017683942
5204178639
5640391782
5389217046
5348297610
5941732806
5627081943
5894031627
5401769328
5730896124
5380269714
5901637248
5639780421
5061287493
5017389264
5637982401
5830674912
5368409127
5982673041
5821067349
5028139467
5083674291
5496830271
5947806321
5316924870
5916708243
5872316904
5687032419
5426817930
5148762093
5807946123
5061293748
5082796143
5249873106
5724318690
5610472389
5163908274
5376129804
5683721490
5023978146
5274196083
5034682971
5418069372
5896432170
5869312740
5960281473
5164938270
5382416970
5764281903
5398067241
5197480326
5194872630
5243690718
5741039286
5308196742
5316924807
5371280496
5682041793
5497861230
5841763209
5081279634
5610873492
5471283609
5497016382
5067839124
5781032469
5061932748
5624783901
5478092316
5409127368
5430278619
5826347091
5149623780
5804167293
5039781426
5019378642
5862094173
5397168402
5421806379
5673802941
5360971428
5629487103
5214069387
5186394072
5074861932
5108437926
5870924163
5679204183
5642198730
5208791463
5314720689
5204193876
5130794682
5023684197
5270649813
5379412680
5128674309
5684279013
5321079684
5498637102
5239061874
5021894637
5672819043
5092368417
5734081296
5932014768
5412039867
5413290678
5046823719
5749213860
5209764381
5486172930
5410726893
5904872163
5903284761
5203861497
5419360827
5791284630
5609471823
5132649087
5360781942
5498201376
5836127409
5468029713
5430819267
5029348617
5479210368
5981347620
5830497612
5240619387
5687104293
5028974361
5749182063
5926403871
5130674289
5678123904
5096812437
5729308164
5032964187
5163798204
5982403167
5689427103
5936410728
5380697241
5718263049
5307862491
5647082319
5482031967
5961874302
5436819702
5126497380
5083724916
5679342108
5480761239
5698473210
5942108673
5670283149
5974386102
5190628437
5087932416
5394120867
5140728936
5792641803
5120367894
5907213846
5716023489
5930824176
5609734218
5483069712
5276089413
5801639472
5209486371
5829671043
5901276834
5278913604
5937041826
5792106483
5043176298
5420798613
5197248603
5403981276
5497861032
5312746890
5134728960
5248379601
5483019276
5013498762
5692731480
5970413826
5467089231
5319046287
5731069428
5704213698
5387964120
5497863210
5634092817
5064279318
5403672819
5041689273
5398204617
5429071836
5230618749
5730914286
5730428916
5687942013
5268713490
5421879360
5690872341
5984302761
5102763489
5017482963
5164392870
5249876013
5284763109
5672480193
5013687492
5901423876
5420387691
5976048231
5789264031
5672803419
5783061492
5967813024
5782193604
5819234760
5789016432
5241738096
5718234609
5409173268
5904186327
5420713689
5687132904
5071864932
5803417296
5903684217
5821703694
5160294738
5764921830
5628039147
5906841327
5061387924
5386974120
5642897301
5836409217
5694782031
5634980721
5043976281
5168739204
5472689310
5943680217
5086471392
5734910682
5731092486
5901732648
5419382607
5042173896
5078394216
5926078314
5396170482
5840926317
5247631908
5260814793
5230146798
5207864319
5496087231
5286370491
5379148062
5763419802
5908764132
5084237619
5987230461
5701893246
5639017482
5378910264
5461270398
5716392480
5138296407
5042381976
5049872316
5437062819
5364091278
5894013627
5698310724
5410976283
5943672810
5243981760
5786241309
5329470861
5918273046
5837210694
5249370168
5627143890
5893162074
5917432806
5062913478
5217946038
5146327980
5198376204
5987632401
5794326810
5170428963
5720384916
5874032169
5328694170
5928104637
5319284670
5841367290
5048697231
5309862417
5846037129
5897146023
5327968104
5037298416
5172804936
5403629718
5869132740
5970426318
5386172940
5638720914
5068931274
5042613879
5324670189
5302871946
5930671842
5394687102
5093246817
5137926408
5974182630
5403781692
5809261743
5173628940
5982476301
5609814237
5417903862
5789310264
5398427610
5974623810
5927684103
5721064398
5794820613
5728639014
5140673289
5743982601
5463709821
5861027394
5317048692
5976241038
5132708964
5690241378
5093281476
5978036124
5274093186
5738460192
5143629087
5704891362
5340297618
5306942817
5827901634
5718439602
5713908246
5241683709
5079164832
5486921370
5063918742
5012963847
5471238069
5894621370
5826941037
5683247019
5793428061
5839612704
5621397408
5081342967
5078623194
5234017869
5913028647
5297418360
5713246980
5947610823
5097321486
5612704389
5316802479
5481367902
5862734019
5314702869
5271068493
5148207639
5841302679
5821049637
5492681370
5913486072
5492301876
5490187362
5867049132
5178039246
5904671328
5719028643
5290617348
5106738294
5013649872
5306247819
5216937084
5416907283
5061974283
5193260748
5738642091
5908732614
5096248731
5647291803
5913067248
5619823470
5830719462
5294078136
5819073264
5268130749
5643921807
5627190438
5493267180
5709428613
5614279380
5018629437
5137624980
5304826179
5329461870
5984213607
5826039174
5624379180
5802437169
5614983702
5976204813
5786240193
5243708619
5379180246
5410983267
5109483762
5738160294
5172863094
5180627349
5301289467
5490361287
5864792013
5180437962
5378012946
5721308649
5217390864
5641207983
5471328096
5173602894
5623487901
5934012867
5086394721
5491260387
5706932481
5037694182
5894173026
5136794820
5428190763
5439107862
5437196028
5364980217
5791836420
5162749803
5109867243
5167089342
5178364029
5718493602
5013749286
5937081246
5260473189
5960234871
5397261408
5946807123
5786401239
5014827963
5423901678
5071436892
5031478692
5029847631
5764028391
5603478219
5863049172
5769834012
5370469812
5793628041
5174839602
5029631874
5413280976
5867429310
5973608124
5726384910
5312906784
5216740983
5917403826
5160394278
5021697348
5923780461
5147368290
5892164703
5382091467
5047182963
5742186930
5342970168
5627139408
5841639072
5894012763
5823104967
5384602719
5396471082
5209361487
5732198406
5310674982
5498173620
5879346012
5863402971
5893172640
5492680371
5314970268
5480937612
5761893204
5483167029
5893147620
5714963802
5761092483
5196238047
5306214879
5324178096
5093482176
5374962018
5364712908
5624937810
5348206179
5823674091
5873910426
5987431260
5968432017
5420931678
5197832460
5072349816
5682307149
5213768490
5340987216
5304261897
5489301762
5370829614
5697218043
5834167209
5972160483
5049716823
5431682709
5973486201
5741398206
5987231604
5406392718
5216783094
5476190382
5709341826
5302864917
5184679032
5860417293
5094136872
5813027694
5710943286
5048376291
5937048162
5174269083
5481026937
5890437126
5271693408
5361987240
5839241670
5092436178
5391670284
5207416398
5148902637
5613248079
5361208479
5840621973
5869712340
5493601827
5341268907
5731980264
5261934087
5038692417
5342697108
5684932701
5460293178
5307891642
5326478109
5368017294
5273649081
5469812037
5230476918
5172463809
5039417682
5089276134
5328160947
5869170234
5916342078
5182430697
5647210893
5204378916
5208614973
5932780164
5976124308
5987012634
5813467902
5812960437
5472308196
5908136427
5362984017
5067413829
5724360981
5964712380
5641830927
5389016427
5970346281
5149327806
5743082619
5291783460
5870629314
5261493807
5197083264
5137902648
5371942680
5469301827
5749260831
5913076824
5067214983
5407263981
5980234617
5037928641
5896437120
5802734196
5274081963
5860497312
5683102497
5734869102
5063812497
5096874123
5817039246
5901286374
5263748190
5679038241
5642891370
5418372096
5862307149
5743108962
5864231097
5712863904
5968071432
5376018294
5618493270
5034726891
5437801296
5840619723
5941863072
5768432091
5287901346
5984067123
5436892701
5123048796
5874620913
5283049176
5312768940
5120863947
5390712684
5620394781
5312764890
5792143608
5172036498
5872941603
5820937641
5239687410
5486920137
5719236480
5891364072
5291063847
5360487192
5947862301
5980621374
5209361874
5284193067
5369072184
5948206317
5016483729
5692378014
5913046782
5189340267
5973621084
5072416938
5023796481
5749162380
5217480396
5068497132
5210379684
5976203481
5734280169
5079283146
5392807461
5739042618
5238746109
5624930817
5709214386
5376940812
5294617830
5164930827
5140796832
5917286340
5023498167
5084176239
5709368124
5713908264
5324796801
5641239807
5907341268
5403928617
5017263498
5836219470
5186749302
5961283704
5928301674
5621049837
5149607238
5982631074
5470368192
5937614208
5617324809
5902738641
5724018369
5032894716
5371026849
5926380471
5817609234
5806274139
5263840917
5904761328
5398716204
5067294831
5341297860
5683721409
5402368791
5061934872
5612978304
5279641308
5946307182
5307482916
5041623897
5498136207
5041863729
5603872194
5398762104
5896073412
5417268309
5419370862
5076481392
5984362170
5730492861
5842613970
5681420397
5920486731
5960318472
5237910648
5812397046
5420817369
5748013926
5613047982
5821037469
5904132678
5401293876
5381427609
5037129684
5319407826
5236710984
5082673149
5132406978
5487132069
5078942613
5963824071
5649032817
5921386704
5186024379
5027369148
5748963012
5716482039
5204981673
5391624708
5609437821
5204931786
5036791248
5843297610
5138074269
5061493782
5687019423
5823914760
5421380679
5183742960
5982710463
5627384910
5381072694
5071234689
5270634981
5780923416
5327149860
5789340216
5042319687
5082743619
5728134690
5893147206
5289376140
5841760329
5391704862
5816093274
5197683420
5409631827
5916837024
5192084637
5984371260
5207163849
5860291437
5678921304
5412078639
5942680713
5784321690
5749180362
5924078613
5694201378
5684907123
5124970368
5014237968
5672981034
5892061743
5176329048
5462907138
5320618947
5479136802
5641978023
5809376421
5186204739
5761908243
5629817430
5189624730
5694123807
5287619034
5238974061
5643829017
5834167092
5014328679
5361840297
5902873461
5901483762
5462139870
5917230648
5027861439
5864397201
5147630928
5419780326
5936087412
5319620478
5098132647
5492670318
5940813267
5637941028
5691843702
5320198467
5160734892
5381690472
5890146372
5143672098
5389674012
5713806294
5164973802
5276031489
5236498071
5732680419
5108476239
5234680179
5614039278
5283016947
5381427690
5192087346
5413208769
5839162407
5843296071
5704813962
5148903726
5840639217
5917308624
5403872961
5762019843
5923014876
5187920634
5294870613
5987231640
5896472031
5849703216
5180469273
5978316204
5428369107
5319084762
5247361980
5106792348
5649728130
5968740312
5312640789
5436908271
5213740986
5146809732
5286409317
5620143897
5972134806
5946320781
5914273086
5027496381
5178260394
5670241938
5319267084
5826971403
5394610728
5871632094
5649308127
5084967231
5762419380
5208397614
5187063429
5063172948
5084639127
5239164870
5172098364
5629047381
5387049162
5861492370
5084362917
5183047629
5064813927
5084376291
5317062894
5648723019
5479821306
5086941732
5720439168
5371064289
5203416789
5412380796
5901438762
5482637901
5148639702
5197023648
5684701239
5397641802
5149382607
5912038746
5169784230
5746298310
5014628973
5143029687
5478162390
5642189370
5861073294
5297386410
5104836972
5640217389
5762814039
5146720398
5204197368
5283740691
5732894601
5794218063
5124069783
5280147963
5163904728
5608431792
5482379016
5981246073
5703849261
5690843172
5681490237
5071629483
5904726831
5031894672
5893271406
5829614037
5970613284
5082376149
5643809271
5081679423
5324879601
5861420379
5619304872
5027381946
5896074231
5164287093
5342609871
5403916278
5726918403
5913860724
5916420783
5106872349
5912378460
5642937180
5346289071
5792416038
5321604978
5896701243
5732698104
5069218743
5689124703
5840726193
5927361084
5708391426
5942831067
5041697283
5241078639
5819046372
5491326870
5301896274
5863420719
5981463027
5029618473
5893014627
5608921734
5419783260
5746018392
5268317940
5739084162
5739146820
5320714896
5720641839
5301672948
5326490178
5638719024
5301486927
5496830712
5086137924
5798213604
5469230781
5824930617
5719840263
5042987361
5147368920
5139647082
5608427139
5103679824
5034267891
5216874930
5962043781
5168270943
5120647398
5396427018
5478219063
5987102463
5496837102
5436782091
5730912846
5782306914
5164392807
5461280379
5328904176
5723086941
5097823461
5249301876
5147269038
5483791620
5384167029
5862974130
5498761032
5261347098
5407382961
5273146980
5207394681
5193826047
5936024781
5623798410
5364289170
5462187903
5021496873
5321948706
5348269071
5329108764
5036179284
5086714932
5894167230
5906473218
5092148376
5893107246
5741238906
5039726148
5680394217
5127063849
5129634708
5420396817
5796382014
5023746198
5038241796
5893174062
5403167892
5261843079
5974280361
5231687904
5962873140
5723618409
5972803614
5406921738
5308769214
5321094867
5726809143
5324097861
5638794021
5491706283
5671420938
5074986213
5648290173
5063428917
5840627139
5076418932
5238146097
5981726304
5163972840
5304689172
5694382107
5820493176
5091476832
5702384196
5623791084
5832174069
5089642173
5490812376
5612037849
5328169047
5631847209
5681492703
5743681092
5214036879
5036497812
5109732864
5601273894
5379826401
5826314970
5138679024
5167824093
5064317289
5732481960
5738196204
5619384702
5874301692
5792143608
5789124603
5234970618
5937216408
5642903781
5246093178
5639701428
5713468290
5638974012
5061479382
5824371096
5042768319
5321769084
5842316970
5124806397
5609381247
5346892701
5873296104
5176893420
5397801642
5719268304
5790183642
5103286794
5172396048
5683194270
5374082619
5894672013
5821376094
5369740218
5416792083
5673208149
5841902673
5436921870
5306128974
5072849163
5438602719
5620374819
5918023467
5427380169
5480321967
5869027431
5034982761
5631089742
5872106349
5693142807
5723890164
5426813097
5739142860
5637142890
5263170894
5708932461
5387146029
5846320719
5472013698
5723861409
5386074291
5269104387
5918243760
5873491620
5967182340
5609174832
5240679813
5804239716
5096238471
5361798420
5721049683
5916304872
5980327641
5760124893
5680921743
5368942071
5723869410
5830649172
5987162043
5340218796
5360247189
5034192678
5319087642
5986304271
5037492816
5647128930
5178203694
5137860429
5498137620
5102483967
5876231940
5874230916
5063849712
5269403817
5203164798
5176843209
5182439706
5109627483
5824371960
5214368079
5481293076
5783426109
5397086142
5348960172
5762914803
5891062734
5281306947
5427063918
5046879123
5637184920
5841290637
5714632908
5092174368
5486213970
5368409127
5630842179
5901826347
5249607381
5029167348
5976213480
5923178460
5968241307
5239780641
5720938146
5421096837
5309712684
5914736082
5081263794
5748620391
5930817462
5124307896
5068142973
5403968721
5973068124
5634781920
5341298607
5491702863
5613904728
5810962734
5617490328
5241376980
5082173946
5932170486
5843902761
5326801479
5709364182
5106284379
5967438102
5147902368
5619708432
5742193086
5397268104
5143897620
5014738269
5918207436
5347816092
5239170684
5738601294
5894602137
5703294861
5247903618
5067234891
5081934267
5238017694
5129384670
5239864107
5671983420
5417208639
5027436189
5820196374
5409638127
5169370284
5396417028
5426381790
5369482710
5214087396
5603271849
5473208916
5163472890
5183702649
5732401698
5830691472
5612740893
5781062439
5260371489
5702189436
5068349217
5913748026
5739208461
5873409162
5398217640
5024831697
5621034789
5721943068
5067134928
5082149637
5238971604
5730629814
5091647238
5329816047
5721649830
5268071349
5617089423
5318674902
5834106729
5248076193
5491068273
5398047216
5849623017
5913827406
5317094268
5938410267
5740962381
5832061947
5324780169
5934870162
5879036241
5349820716
5048213679
5364891270
5894632701
5046819237
5139486720
5804397162
5041836729
5692043178
5621430789
5438192076
5671823904
5918203674
5603912748
5670239148
5721039846
5290364178
5107942683
5912803476
5873201964
5631742980
5701869432
5061728934
5913687402
5942706381
5842769031
5960872431
5819672034
5327806149
5648230791
5193680724
5261407398
5981732604
5389017426
5701349268
5213096874
5402786319
5310287496
5397816024
5013978462
5403187296
5142097863
5402783619
5814206973
5307968412
5671239408
5861732409
5142703689
5423601987
5810396247
5813062749
5864207931
5763891420
5874261930
5432086917
5236048197
5249687310
5368412079
5673901248
5362841970
5174630298
5629187403
5697201843
5346780921
5183476920
5198437206
5364279810
5461709328
5601284379
5189047236
5372906841
5879026413
5874921036
5841032769
5429630718
5960712483
5483792610
5346217098
5412976308
5721689034
5237640189
5317468902
5962071483
5720634918
5061972834
5901278346
5723098146
5870129346
5863972410
5807296143
5629807341
5268793041
5972018643
5198706234
5743901826
5407639128
5978342601
5467032891
5264137098
5387694102
5309764218
5973128460
5671408932
5904731286
5203149687
5049317628
5308297461
5641879230
5896720413
5601873429
5063271489
5127948603
5174396280
5386749210
5624018793
5678921034
5420697831
5186927034
5632847109
5309187624
5692430187
5162783409
5034821967
5240698173
5891672034
5207341968
5829306471
5967123408
5916302847
5370926841
5342096178
5837124960
5083976412
5694028317
5098426371
5983406172
5349760218
5601283974
5089247613
5941628307
5769284013
5603127894
5914036782
5183246970
5471290683
5074382619
5062974318
5243861970
5963478021
5491063278
5348726901
5970218634
5021978436
5908713264
5269430781
5617430892
5691370482
5913068724
5092184367
5482903617
5163249807
5210678439
5479802613
5947162308
5408693271
5234079861
5783046291
5972634810
5487093621
5960837142
5306184729
5213780649
5927168304
5723908641
5941637280
5143289067
5682317490
5037826941
5176392480
5376198420
5392078416
5397846102
5908364712
5493206187
5723098164
5781603294
5962041738
5074269381
5809142637
5178629430
5097412368
5038614927
5736082914
5642803917
5217083964
5438127960
5462139708
5126830794
5496738210
5401769832
5780146392
5341726980
5463819027
5631298470
5684027319
5721360894
5482716390
5109648327
5496723810
5839164720
5426981037
5234186097
5891302467
5478930621
5023869471
5621437980
5940176328
5934107682
5407128369
5926370148
5801972346
5671082493
5740863219
5407692813
5093187264
5037946812
5379206418
5439867102
5849310276
5791032846
5431690287
5109246783
5031264897
5730192486
5108274963
5049276138
5391087264
5180264973
5910842673
5409386127
5329017468
5634817290
5736012498
5630197824
5903471826
5683401729
5237806149
5739284016
5684312907
5087412396
5198624073
5960738412
5491207836
5170246938
5869213047
5437910682
5841279063
5086274139
5498023617
5048961237
5849026713
5310748296
5026713984
5940132876
5361072849
5734061892
5026473189
5038164729
5294670183
5261378490
5124380796
5409837126
5790168234
5784361920
5693741802
5239761084
5936781420
5281496703
5371982460
5682973014
5436127098
5931704628
5970214638
5096712438
5031986274
5684129037
5028679143
5237940186
5921086437
5748902631
5019367482
5263801794
5231407698
5231409867
5478391062
5283716904
5043879126
5610347982
5293874061
5697483102
5027386419
5273468109
5102698743
5961380427
5103274698
5760932481
5478312960
5024681973
5298617403
5102978364
5236790814
5972384016
5987341260
5048376129
5372801649
5621089374
5364817290
5279103486
5634812970
5408129376
5873429061
5098261473
5012374869
5126739084
5918423607
5641237098
5328970164
5901328764
5284019736
5246093178
5307194286
5638279014
5374298610
5980761234
5327618409
5912804637
5684091723
5908734216
5792613480
5147392608
5436102897
5102943876
5047139826
5819734620
5794801326
5683071492
5698430721
5314026978
5861932074
5827630914
5817293046
5137904268
5489706132
5408396127
5786039214
5813640729
5819274603
5789140362
5049312876
5304928671
5347190268
5968031274
5167832049
5621730984
5731284069
5342017689
5248693170
5047981362
5310469872
5108367942
5430216789
5871326049
5321984607
5798640132
5920483671
5281740693
5913804672
5381246709
5134906872
5840917362
5290314768
5967432081
5219467083
5620974381
5680739142
5819027643
5210689347
5790618243
5046137892
5786294103
5136740829
5862730194
5896342170
5289341760
5917203846
5047293681
5908246137
5069174823
5306274918
5203479618
5124796308
5634812709
5296410378
5328014976
5974810236
5796301842
5473091682
5392840167
5941376820
5904723861
5491632780
5640378192
5368074921
5069834172
5697283401
5941827603
5136249870
5283706149
5713869420
5608294317
5760948231
5120769438
5062173894
5128396047
5628734109
5462039817
5306714289
5126074389
5670124389
5183769240
5216387904
5940813276
5317609824
5793628104
5816409732
5049628731
5862134970
5204173968
5370214986
5693108427
5701934862
5691084372
5364971280
5239874610
5893041267
5849627301
5630841279
5416327908
5943176280
5193846270
5379028416
5260873194
5328076914
5432087196
5213478096
5309246781
5238794106
5293671840
5821643709
5821049376
5780619324
5927036184
5240137986
5106324798
5284071639
5478693201
5234681970
5024819637
5329784061
5460712938
5027849136
5284197036
5267091348
5389271406
5420738619
5160837942
5074396218
5971063284
5927013468
5738610924
5637902481
5671923084
5649378102
5928314706
5973420618
5149028367
5623194807
5318462907
5912437068
5071826943
5740921368
5631702894
5872469301
5097624183
5432907168
5814239067
5012967384
5039761824
5206374918
5924710683
5069723418
5821076934
5892047163
5764103829
5327198406
5061249378
5368217094
5318076429
5238179460
5317896024
5937026418
5796384120
5768241903
5820934761
5213769048
5913027486
5297648031
5248931607
5614980327
5072689134
5476893210
5738042691
5328704916
5082761349
5942680731
5083192764
5483619720
5932760148
5621740839
5819603472
5347812096
5927643018
5162830794
5436918207
5160234978
5632148907
5862190437
5194836720
5489603172
5671289043
5619347280
5820379164
5197046283
5034926781
5068143792
5436072891
5976483102
5670192348
5780634912
5842670391
5683942017
5103784962
5106247938
5032978641
5732961408
5902431678
5780193624
5379410286
5267803941
5231789406
5892073614
5907843261
5138462790
5071364289
5927084361
5461283790
5623194087
5732104968
5347098126
5492876310
5704192386
5134079286
5163248079
5396814027
5089674312
5247063981
5627801349
5324690781
5138974206
5018236749
5372461809
5196038427
5638924170
5968013427
5482971063
5207498361
5369087241
5136794820
5738126409
5183024679
5167034829
5017493682
5148079623
5879126304
5617498302
5987120463
5108769342
5601973482
5732406981
5709143286
5172836409
5089647132
5943201687
5641239087
5397280641
5362174089
5148963702
5768291430
5624193078
5204197638
5207481963
5830691274
5486193207
5810467329
5391068274
5286134097
5970634281
5093718624
5076289431
5917032648
5284076319
5640127398
5247816039
5083461792
5278034619
5634971082
5879236014
5794208631
5328976104
5249680173
5348621097
5837409162
5301897264
5839207461
5196428307
5390871246
5301896472
5037689241
5107463982
5082713964
5689742310
5826349107
5281630974
5184903276
5762391480
5478120963
5173962408
5731240986
5317980246
5831762904
5129084637
5248769310
5132870649
5802316974
5290783641
5617908324
5981026347
5938402176
5719082346
5364892170
5170938462
5746930281
5863921704
5986042137
5347120689
5180396427
5691843702
5083746921
5842691037
5321408679
5480632719
5980326174
5329847601
5029184736
5749683012
5613482790
5920174836
5823794106
5172864039
5082179436
5314860927
5036912784
5967102438
5128370469
5803921746
5321874906
5230916478
5409637182
5963182407
5182064397
5127083946
5341698207
5720614893
5926437108
5264397810
5972830461
5087124369
5083946172
5409768123
5683019724
5718024693
5962471380
5178304692
5914673802
5317624098
5923780416
5189304267
5627480913
5736901824
5274903861
5736281940
5276394801
5793816402
5347619820
5940136287
5042893671
5806391427
5320697841
5371284960
5702891436
5814073926
5693271084
5467218390
5397826401
5921867403
5783120469
5920361487
5784629310
5194728036
5901362487
5348267109
5210738496
5049281367
5408176392
5782136904
5047129683
5610293847
5263089147
5071348692
5407869123
5092136847
5687104293
5728063941
5792641308
5896327140
5739846102
5324897160
5094138726
5813029476
5429317680
5482170639
5307146928
5064139278
5386407291
5027893641
5360782914
5789214036
5071246893
5930281764
5462807319
5872910346
5204763981
5980674321
5489023716
5814309726
5012374869
5839126407
5907368421
5381062794
5381409672
5123704689
5098123764
5641739802
5746812903
5928304176
5940823167
5918476032
5208739614
5802436791
5634087219
5184309627
5246318097
5378216904
5972683041
5806497321
5607934128
5304298617
5260173894
5429780163
5768190324
5892146073
5189742036
5768149023
5467321980
5460712839
5816470239
5740321869
5103649782
5014397826
5247106983
5096138274
5197823064
5730961248
5041697238
5981637204
5401283796
5192346870
5187643029
5869204371
5047982163
5798403621
5612930487
5027896134
5240837691
5016798432
5129487063
5039761482
5836740219
5492018637
5261438790
5602178349
5817469203
5834079162
5647391082
5670489132
5967840132
5274910683
5260971384
5326901487
5283176490
5903672418
5194372806
5841209367
5640183297
5829104367
5741893062
5914072638
5372860194
5036792184
5897432610
5913780246
5270391684
5043278169
5421036897
5209731846
5418076932
5784316029
5248796013
5302914678
5139207648
5342698107
5401987326
5726843910
5209314786
5039714682
5174280936
5067934821
5094678312
5843197062
5623718094
5617043298
5408763912
5612438079
5213904786
5983402761
5621784903
5789213460
5246071389
5134976280
5160432978
5749310268
5426073891
5084796312
5948736102
5843961720
5643902871
5078219463
5920876134
5721460938
5689712403
5497608312
5201689347
5467028913
5328906471
5281763940
5210397684
5378940162
5891260743
5201379846
5308491267
5673098214
5347628091
5490268371
5314692780
5709182643
5062439187
5973281406
5319480762
5320469871
5496302871
5348706192
5460712938
5630798142
5632804791
5430671289
5182637094
5243067819
5762193048
5321809746
5187302649
5394806271
5043869712
5749230681
5420819637
5673129048
5941827306
5092346871
5607193824
5461780923
5386102794
5704836291
5806432917
5312948067
5324069718
5703216894
5967103248
5917802364
5491860273
5403928167
5164872930
5164728903
5819273046
5986347201
5632409817
5392061784
5321968704
5078192463
5301276498
5371248690
5780961432
5307692418
5042936187
5627093814
5806493127
5937416082
5371280946
5960724183
5618739402
5289340716
5396427801
5174962038
5867324109
5168432097
5206849371
5703289416
5719482630
5980146372
5973408162
5807132649
5270648913
5047216983
5268910437
5902648173
5162907438
5137860294
5827130694
5013726489
5893401627
5231047896
5279860341
5402839176
5827413906
5721093486
5320678914
5608719423
5142083967
5426189703
5407821963
5941028763
5867049312
5380674291
5782401936
5420697381
5098714362
5279304816
5871630429
5782496013
5892740613
5681739024
5173496802
5704896123
5716349082
5104382796
5327018469
5231798064
5634807129
5893276401
5148697302
5068372419
5173904826
5340869721
5847169302
5819463207
5063729814
5210837964
5281360974
5792860341
5249387601
5609723184
5206938741
5902146837
5976403128
5942307816
5217083694
5971480362
5713690824
5162047398
5236418907
5401368972
5283617940
5783460219
5172394068
5429017638
5370426189
5196802347
5438617902
5849132706
5470321968
5970164283
5260479831
5109348276
5098243671
5327084961
5963708421
5094623718
5309712846
5761804923
5379620418
5693124078
5803964712
5940286371
5170284693
5638097241
5916482703
5048261739
5820714936
5702168934
5619478023
5394806721
5274893016
5381907624
5092674381
5920761348
5721083496
5940327816
5460379128
5872349061
5406972318
5429368710
5602714893
5790246183
5904138267
5821743096
5827309614
5719348260
5378041692
5469078321
5134628079
5376428109
5732491860
5029843167
5419326708
5487936102
5439612078
5829164037
5680921473
5973482016
5263197804
5724691083
5298173046
5219048673
5394762801
5261403798
5034789216
5906487132
5267481390
5316780429
5807924631
5031928674
5970328614
5064972318
5704628913
5194238670
5749061283
5308172496
5423096781
5162497380
5843971062
5486907213
5273416980
5819230476
5620341897
5419827603
5923148706
5028346791
5741098263
5123087496
5786014239
5943012768
5679182403
5648032791
5283106947
5687194320
5239168704
5029364187
5136482970
5130972684
5342109867
5407892631
5142903768
5471932086
5079328614
5493621078
5436710829
5704821396
5190276834
5894617203
5806137492
5468237019
5087649312
5042793681
5409283167
5420169783
5471963028
5794681230
5962430871
5713642809
5860714392
5729061834
5423096871
5164703892
5460823197
5647318092
5678329104
5407316928
5307481692
5123049768
5280163947
5314679028
5807914236
5238169047
5176294308
5298764301
5967810243
5610927438
5120964837
5980174236
5961274803
5736048129
5214689370
5137698042
5078392641
5392716048
5642891307
5827609341
5280739614
5936024187
5497310826
5192374860
5490723168
5673012948
5637982104
5438261790
5291463870
5874290136
5274038196
5021734869
5109283467
5768109243
5823649017
5871623049
5713406928
5910287346
5420169837
5493206871
5701243698
5128769403
5173409826
5876910342
5321078694
5320749816
5927186043
5092671843
5749126038
5768124390
5036892714
5428307916
5389426107
5473601928
5941283760
5367048219
5964027813
5472309168
5468972013
5186290347
5879632041
5801247639
5379081426
5326814097
5249876130
5608274319
5103987462
5392870614
5382694017
5618927043
5304298617
5086729341
5147398062
5630498721
5218974306
5683412097
5614290783
5130976248
5724380169
5304269187
5640971823
5726984310
5027639148
5814063792
5617032849
5279048316
5427198630
5128073964
5672498013
5621987043
5298403167
5764293801
5048967132
5387940126
5028347691
5810342967
5718639420
5639120748
5602879314
5792680143
5680497231
5206183974
5361074928
5401869732
5074362891
5896127430
5801423976
5476319802
5790462318
5604389271
5846217390
5928360714
5486917203
5132709846
5310692478
5218964370
5783912604
5210379486
5873620914
5071432698
5706128349
5106927384
5671890324
5821394670
5297034861
5834720196
5763942018
5610429837
5187940263
5824739610
5179803462
5219478630
5936874201
5986023471
5468302917
5214786093
5036892714
5831927046
5426179038
5932017846
5741860392
5046139872
5379481026
5674239801
5103879642
5349681072
5972863014
5769810342
5098267341
5820764193
5982317064
5192783604
5948361270
5840796213
5930284167
5984273106
5140967238
5168073249
5820749316
5840921376
5172843096
5047682193
5186274309
5048792163
5068734219
5943721086
5972418360
5714239806
5034912678
5947823016
5791023846
5782649103
5879014623
5897430261
5761924830
5248706913
5473029816
5693217084
5879143602
5843601279
5362407981
5371602894
5782609413
5137894620
5473286091
5072148693
5246930718
5841973260
5780461293
5872146930
5261379408
5342981670
5087392164
5864701239
5467039812
5802971436
5692184730
5430921768
5238906417
5289467130
5431670928
5146987320
5187436029
5790264381
5024869137
5713268940
5409681237
5031982467
5602948713
5342681907
5980627143
5874360219
5132847906
5283719406
5984276130
5093481627
5273189604
5820796431
5837196024
5089261473
5162984307
5698174302
5296801374
5402781936
5308692147
5478601293
5918647203
5394076218
5946827013
5086942137
5134978062
5082493761
5813076429
5926487103
5394726810
5649807123
5468793120
5712483609
5317804926
5730429861
5693081427
5480729613
5189627340
5873240961
5603874219
5097486321
5031894726
5193028674
5863419720
5067912834
5789326410
5643187092
5907836142
5690281473
5810396427
5703216894
5908172346
5364910287
5619740382
5942083167
5416392708
5397682041
5603489217
5720139648
5860279134
5720946381
5631490827
5187639240
5120386749
5049182367
5280136749
5397061284
5162307984
5974083162
5861930274
5968327041
5132096847
5021648937
5798462013
5641297083
5819230764
5903862471
5734629180
5142079638
5084296137
5874316029
5381029764
5671038249
5749621830
5092374168
5913874620
5476021398
5936804172
5792410863
5309674281
5703642198
5368910427
5928740163
5487321690
5926014387
5208317469
5714302986
5613907482
5718623490
5890471632
5839420617
5176389024
5241786309
5406839127
5628317094
5803927461
5691308247
5827603914
5691073824
5293678410
5486920137
5061428397
5196034287
5903186427
5082479361
5824790631
5709164832
5374012869
5743968201
5072948613
5348769120
5069132487
5316740829
5094837162
5196840327
5763289104
5320967814
5218693740
5968234071
5249713068
5028316794
5638471092
5903168247
5043927168
5017482369
5437612980
5721903846
5789126430
5783496012
5498206173
5482906137
5694382170
5806741329
5374961820
5871942630
5390748126
5491238706
5246971038
5098731624
5682341907
5013982674
5130826479
5034819762
5086472139
5048726931
5893204176
5479382610
5861324709
5276843019
5732986104
5306742189
5734291608
5920871463
5097816243
5074926138
5372460189
5703218694
5028916374
5164890237
5763140829
5017326849
5307942861
5039147268
5143978062
5134978620
5803167942
5429836107
5164739820
5082743961
5028934671
5942307816
5071864329
5748963210
5971026438
5761843902
5647392801
5468127093
5284067139
5346829710
5904637812
5903172486
5871304629
5670419832
5378641092
5763098124
5647389210
5610348297
5293407618
5702983164
5180479623
5164293780
5486271039
5687942103
5137296048
5768031492
5910782346
5178932640
5327861940
5309764281
5042613897
5467129083
5602981347
5462018379
5308129674
5680431792
5023874619
5916802473
5794123608
5364917802
5079412386
5762843190
5081679243
5137248609
5730162894
5093268174
5084136279
5713042968
5394768102
5814023679
5938421706
5062478913
5964038712
5247306819
5860729341
5691438207
5427960831
5432018976
5894760213
5649287130
5314207986
5972418036
5701689324
5472809136
5147820396
5817923406
5786124093
5094276813
5932708416
5216437980
5240139867
5832476901
5017842963
5671280943
5074839162
5978436021
5094167238
5201869374
5361974082
5731049826
5972108364
5472068391
5234180976
5740386921
5813049672
5318094627
5602498173
5142806793
5980417326
5068241397
5716380249
5182634970
5817426903
5480697312
5980162743
5204319687
5436729810
5017832496
5627941083
5306491782
5068417239
5291678034
5180749362
5927386104
5803741296
5864293017
5498103276
5169843720
5801432796
5642730819
5394206187
5614379208
5890273461
5872364109
5304897261
5198743602
5429068173
5064971283
5960841723
5749863021
5231867490
5983706241
5043968127
5612839407
5031497862
5329167048
5819037246
5912734086
5061287943
5679031824
5708216394
5043126897
5296781034
5472806139
5698307124
5980321764
5173960824
5283706149
5374980162
5276984310
5436921807
5462719083
5710943862
5718394620
5479238160
5731428096
5417069283
5261837049
5972486013
5246179380
5213876490
5326904781
5806219734
5423809176
5294180736
5273164098
5016249783
5402873961
5318692047
5082317649
5843679120
5016479283
5236147980
5291347086
5429760138
5062184397
5109843627
5147908326
5491273068
5047219863
5726938401
5217984306
5634207891
5140826937
5186439072
5984260173
5130947628
5360279814
5940327186
5914307682
5634128079
5932184706
5421963708
5792608431
5139487026
5806294137
5382691704
5340961287
5982376014
5384172690
5198624730
5634120798
5729640813
5213980764
5387426190
5432760918
5386194720
5427619830
5764183209
5697413208
5209643178
5203169874
5037824169
5841290376
5386902471
5831794206
5732619840
5436289071
5943062178
5987426031
5813476092
5189072364
5619473820
5279486130
5164280793
5394728160
5430286971
5340182976
5017623498
5791283046
5374806129
5806471293
5742380196
5031248679
5604812379
5902147836
5867903421
5024961837
5789346012
5368021749
5296074381
5794081362
5092613478
5124839067
5139827460
5163879240
5279016438
5418237096
5972043168
5982346071
5380946172
5984602137
5164389702
5631284097
5732914806
5791243068
5162840973
5467018923
5023716498
5843201967
5082961347
5298413067
5296710348
5162397408
5862941307
5984160732
5271064983
5721934860
5289374016
5026917834
5489672310
5836421709
5037468921
5967408132
5081693742
5760984123
5012496837
5692417308
5642731890
5481279063
5830917642
5074691382
5374860192
5413620987
5628371094
5834107692
5160287394
5791204836
5391028647
5648719302
5678243190
5410286397
5241687309
5482961703
5193764028
5041972638
5012437896
5168327409
5248167093
5096231784
5639021478
5091864237
5741620839
5047896312
5479182360
5619032874
5102947683
5384921607
5246180379
5903671824
5178342690
5214386709
5408723961
5839402716
5829736104
5978630142
5043719826
5034871692
5298631047
5148309672
5948623071
5230486719
5140827693
5970813642
5638740921
5329861704
5268304791
5847213960
5608412973
5708164239
5973064812
5174289360
5198467032
5976413028
5274368091
5013296748
5412073689
5392867140
5214936708
5860327419
5732109684
5082471396
5098274613
5146372089
5978026431
5316249078
5468120379
5206794138
5604391728
5284019376
5184769023
5284310769
5236107948
5624718039
5613907428
5726108943
5748396012
5149286703
5429637801
5384172069
5230619784
5402398716
5214398076
5618902473
5346281709
5136094872
5709384261
5190783264
5821367904
5418976230
5471638902
5716283094
5249670381
5879162304
5138906724
5039286741
5136427890
5928043176
5470391268
5203619478
5361970824
5968713024
5980731426
5387069412
5382901476
5149206387
5172904368
5780163249
5247061398
5071269483
5124396087
5408973216
5241068379
5382740196
5031629874
5647891320
5384907126
5361984207
5729408136
5279041386
5749608312
5480267139
5627310849
5169430827
5184693207
5482960713
5371084269
5192804376
5714892603
5416380972
5814923670
5874309261
5042867319
5201397468
5108649273
5382469701
5469713802
5810642937
5938264071
5926803714
5418927306
5680174329
5320764819
5721480963
5760239148
5397680241
5812973406
5043962178
5213089476
5134680297
5293476180
5618370924
5849720163
5081629743
5260471398
5962178403
5983046721
5069147823
5289436170
5874231906
5307896214
5479260813
5738460912
5760328419
5083721469
5294863017
5267091843
5241036879
5629017843
5148967320
5193867402
5198347206
5230869471
5369704218
5703296814
5387296104
5328061794
5298703461
5047186932
5849270631
5938074621
5926431078
5862473019
5234671809
5413069728
5701634829
5470239816
5904381762
5196423780
5693218074
5231867490
5217496380
5104782963
5698074231
5437016928
5862147930
5620381749
5371642890
5418069372
5432618079
5704638921
5214376098
5941826073
5632971048
5403671829
5943027186
5682194703
5846372109
5302947168
5817946032
5864710932
5936278014
5364897102
5370612894
5204693187
5234168790
5819437206
5647213980
5768314920
5237160984
5892730164
5936481270
5673418920
5174098263
5132680947
5829741360
5437098612
5317026948
5482039617
5234906871
5238790146
5498613207
5310672849
5326971084
5962143078
5041289673
5201648973
5978146023
5961074283
5183729460
5768210493
5674310829
5098763241
5941763208
5839402617
5423761980
5362970418
5703418692
5094723186
5814203796
5463208179
5714028369
5628971034
5629431780
5907341862
5140698372
5107326849
5139267804
5028136794
5617493208
5183249067
5179238406
5176049382
5906371824
5034896721
5726490138
5724831690
5981463207
5038124976
5746389120
5723048961
5289136740
5783149206
5634081972
5139068274
5027164893
5413962780
5127836940
5209437186
5763290184
5689302741
5167340892
5984710263
5971632840
5679108234
5304187962
5280341769
5170234698
5830976124
5216847039
5147639820
5764203189
5729306841
5729806143
5073682194
5308762491
5918473206
5127894630
5469037281
5073961284
5429608731
5426378091
5143726809
5612794308
5218390647
5607394812
5273968410
5467290318
5286703914
5849027613
5329064718
5410879632
5489012673
5479621083
5012947683
5149072683
5489017623
5738406219
5146732890
5873612094
5297084136
5297163048
5972413086
5214806793
5196748320
5389127064
5802973416
5182739064
5674901238
5926871430
5284309716
5041897236
5604927381
5460298371
5961730824
5142837690
5946310872
5327104698
5470613928
5043869271
5734918602
5701843269
5284139607
5724691380
5729046813
5306179842
5867431092
5206194387
5628940137
5604137982
5698170432
5981406327
5308617942
5239064178
5476102983
5729014863
5749360218
5673048192
5368912470
5679103248
5307892641
5649012378
5328476910
5983621740
5743109862
5371984602
5328690714
5671409823
5164278930
5136082497
5849702316
5074198236
5208731964
5809632417
5382967140
5831940627
5637829041
5098174326
5487309621
5706834192
5136892704
5813467209
5467910382
5384796021
5308726194
5068249731
5418270936
5278463109
5714986230
5781643920
5862431097
5273984610
5612394780
5138607942
5280491673
5910834627
5174968302
5480912367
5387601294
5372980614
5712930648
5038942671
5123094786
5614032987
5630179842
5936724081
5248961037
5106947382
5039841672
5176834209
5397264180
5168243907
5384069127
5194683027
5972106438
5631278904
5281493067
5910637824
5234178069
5281409376
5049826173
5602897341
5870312469
5740682931
5783169240
5102897643
5180639472
5731064289
5926438170
5649381702
5849620317
5236918470
5179648023
5013648297
5407261893
5961803247
5324687019
5829714360
5134062978
5132406789
5930728641
5108673492
5637148092
5689730124
5094382617
5610978423
5217408396
5769048312
5479260318
5438907162
5081943627
5628390471
5782309641
5496230718
5983607241
5871064329
5348196027
5739081642
5039687412
5390817462
5782643910
5376904281
5810942736
5762034981
5874932601
5234716809
5472318690
5438270619
5462307981
5370492168
5027893614
5207946138
5627480913
5846123079
5819374062
5123690784
5894610723
5243678091
5826473019
5327096148
5074316829
5240381967
5931628074
5079134826
5379680124
5042197836
5172846309
5481206739
5384196270
5324876109
5239708146
5372160894
5236904178
5842019637
5703482691
5680372149
5720916843
5078492631
5210684973
5793246180
5240789316
5971023468
5491328076
5478912630
5643891207
5462830917
5316207984
5013869247
5729108436
5320984167
5748063912
5217460839
5197460238
5236987140
5893726104
5340816972
5016432879
5428901376
5273061984
5601982374
5630781924
5076312498
5638420791
5201976348
5743980126
5364812907
5794362108
5961074832
5291486370
5462187930
5167480329
5698142037
5368471920
5236980147
5741982306
5849021673
5472903618
5094862713
5839041726
5079418263
5073462981
5431076829
5409286173
5837021694
5709813642
5617490832
5014862973
5813427096
5407329861
5301986247
5784360921
5267493081
5879614230
5719340826
5231087946
5976480231
5710324869
5128473096
5769184302
5234678091
5690234718
5321468079
5726983014
5620139847
5762841390
5821069734
5314678029
5287963140
5418627093
5023769418
5078164293
5796123804
5912403786
5749608213
5397604812
5037198246
5189247063
5847063921
5421908673
5823701496
5698072413
5096187432
5293684170
5018769324
5381690247
5784361209
5204873961
5039246781
5782436190
5412873609
5679203841
5796402138
5732986140
5408326917
5170928643
5842961370
5024938176
5390478162
5487321609
5471926038
5341769280
5832061749
5893042716
5391867204
5206438197
5617240938
5607319824
5341897206
5829713460
5793486201
5923480716
5096437218
5041793682
5403219867
5487130296
5219367084
5487132069
5702416983
5267803149
5378109462
5397214086
5034697182
5193048627
5613082794
5687301924
5876390142
5740932168
5480379621
5912864730
5927406318
5603129478
5269743810
5241790368
5076418293
5864209173
5390618472
5867402931
5714938602
5136497028
5864327190
5780423691
5461897203
5784613290
5249738016
5203174896
5801734926
5618329047
5624037819
5460289173
5693210847
5176093842
5689412730
5981073246
5312749806
5174068239
5241089367
5614302798
5701326489
5374180962
5926143780
5249376081
5483617029
5623194708
5109628473
5426837901
5847912603
5342760819
5486701392
5847231690
5861309742
5173960842
5632789401
5816379420
5384607219
5374069821
5190824376
5230648791
5904873261
5743920618
5968371402
5261897403
5436710829
5014927863
5286137094
5642319807
5036972841
5418032796
5098421736
5947038261
5107824936
5207891364
5384190276
5423610798
5201896437
5641327890
5406132987
5691207348
5439612087
5732816409
5289314706
5861397042
5213469870
5832079146
5820169743
5104692873
5472906381
5461809372
5078912643
5384201967
5702146893
5698321047
5207938641
5370624891
5607182349
5043168972
5416279380
5648307912
5826719430
5039874612
5876201934
5348671209
5463290718
5176408392
5170489623
5038267941
5938674201
5701238649
5160872943
5480329176
5946273180
5627831049
5632948071
5046289371
5961432870
5493170628
5107429386
5478312906
5216048379
5471368920
5907163842
5179324806
5124386097
5072846319
5716089324
5403291876
5027413689
5319460278
5362091748
5427089361
5973160824
5061397824
5348762109
5831247069
5389106247
5712849036
5639471802
5724318096
5637801942
5192784360
5162380794
5034918267
5483091627
5409732861
5298360714
5926017843
5684021397
5764281390
5267034198
5824709613
5834216907
5378946102
5072694318
5410726938
5786123904
5814376029
5827136409
5324089761
5641392087
5831467029
5732691408
5830671492
5932874601
5936471820
5346920178
5892461037
5106928473
5492067831
5643719028
5807196342
5370648219
5734082916
5381647290
5710368249
5082734691
5906213748
5031264798
5287364091
5946238710
5128760934
5018267493
5306749128
5619203487
5026749813
5273068419
5437602891
5408231976
5846721093
5039721684
5281709463
5094731862
5490326187
5906413782
5639014827
5097683142
5348196072
5608432719
5260134978
5798312046
5413672890
5320174698
5741628903
5087264319
5812493607
5273861490
5490628173
5102948673
5628043971
5486123790
5293671084
5607421893
5283467091
5609837214
5704961283
5983412076
5874602193
5142670938
5170246893
5236710498
5107426983
5186320794
5092863741
5207349681
5617984032
5034617982
5381942067
5792681430
5478306921
5041372689
5684071923
5691732408
5239174860
5237496081
5240736918
5426819703
5307841692
5347982601
5912634708
5043187692
5462978301
5362940187
5136894207
5627409813
5306249817
5096834217
5432817690
5314087269
5964387012
5310679248
5963041728
5348217690
5739201648
5496320871
5407193826
5942863710
5628041793
5048763291
5169042738
5703286914
5862409173
5192403678
5286071934
5248603197
5618327490
5179638240
5138962470
5078921346
5619287340
5630879241
5762918403
5823107649
5830612947
5902164378
5831279604
5947130628
5607849231
5068492137
5328019467
5617890342
5081932764
5126983074
5203198674
5428163097
5638402971
5916470823
5280319476
5246179830
5603182749
5801326479
5127096483
5068973241
5498320716
5106487923
5482910637
5647312980
5490738612
5294307168
5061384729
5906728134
5038612479
5169287304
5634127098
5806173924
5042971836
5176092384
5841602397
5283976401
5610394287
5490237186
5029763814
5679023184
5013867294
5043927618
5296031748
5138649027
5829714603
5401362879
5278641390
5634278091
5793420168
5032946781
5271934680
5629804713
5291836407
5473182960
5412396087
5723086194
5947068321
5186720943
5826074139
5296378410
5214803679
5940861732
5273946801
5469273810
5409381267
5830427691
5893027461
5079182364
5289630471
5304719682
5192407386
5169078243
5642307819
5136942807
5649103278
5897401326
5917302468
5760134289
5041639278
5832974106
5764389021
5021839764
5841630792
5293046871
5140726389
5108764293
5029476138
5493067281
5138426097
5492031678
5729348601
5190348267
5920831467
5263718094
5048739621
5723608194
5647381902
5108497236
5371624908
5482961730
5319708426
5143897026
5678429130
5624308917
5293748160
5639284071
5061793248
5813602794
5971420683
5308267149
5032189467
5782601934
5370682149
5790182364
5274691083
5601892437
5617823049
5620491378
5490237861
5804172639
5926073418
5984736201
5698102347
5708341926
5307618429
5860429713
5932816047
5107823694
5108329746
5387620149
5136789204
5460738921
5321406879
5028476391
5416329870
5469201837
5193867204
5186342097
5726394018
5687439102
5624783901
5038497216
5706142389
5437128096
5192486073
5318067294
5472380619
5604237981
5216309478
5946703812
5163092874
5108692437
5912876034
5146392870
5280941367
5360742189
5189072463
5472319068
5381427960
5490372186
5312069847
5706819324
5941287360
5087932461
5976310482
5068921734
5971682430
5940172638
5026481937
5340719682
5720389416
5329140786
5482170639
5312864079
5604813279
5729846130
5201694783
5034967812
5612708439
5316294087
5736014982
5429130768
5401826397
5680213497
5683942701
5168307942
5148376209
5042913876
5972360481
5964718032
5870629341
5076184932
5874012396
5630214879
5246890137
5489016273
5087164392
5310289467
5389721064
5047891632
5634201987
5713280694
5764083192
5023786194
5910648372
5381609274
5924716803
5429831607
5923407816
5801962734
5094168723
5823976104
5381462790
5326907184
5912347680
5468720139
5190634872
5302179684
5302614978
5839720614
5706921348
5840793162
5431796082
5986304721
5827109634
5718209364
5238670419
5184276039
5874962130
5786140392
5142607398
5904287163
5419236087
5297640381
5217380964
5082134769
5267901834
5364209817
5924783061
5182763049
5712803964
5208941367
5738021694
5963482170
5846293701
5041968237
5176280349
5397240861
5081423679
5087964312
5862319740
5194782360
5198620473
5684329701
5024183976
5704218936
5087962341
5417608392
5761234809
5946013872
5832670914
5348729106
5812043769
5613489072
5186902473
5301624798
5024381769
5368071924
5319287460
5083142697
5428160793
5708931642
5729431680
5918730462
5087631294
5061927834
5901246387
5420961738
5792403618
5104896327
5089472361
5348971620
5968420137
5831496702
5094136287
5623471908
5084617293
5286109743
5647812390
5602143789
5913687042
5837061294
5710348926
5431672098
5234719608
5128604793
5798314602
5137429806
5671809423
5487326901
5907632814
5902763814
5149062873
5123978604
5364028971
5416780293
5231796840
5708631294
5014397286
5483796102
5614780932
5713894062
5268914730
5386029741
5247638901
5071932864
5768034219
5430179628
5140792863
5473261980
5916072843
5807691423
5023194678
5648719203
5924816730
5630749812
5609871432
5246709831
5840326197
5183264709
5293784601
5983014627
5102398674
5842301967
5978324106
5461038279
5984037612
5193460278
5947236810
5132970864
5021679483
5890714632
5943682017
5782104936
5694230781
5734896102
5134028967
5492108637
5642387190
5218047693
5308462917
5137084962
5672940831
5084739621
5732091648
5230179468
5692473108
5618702934
5813674092
5197268340
5748920136
5837601942
5264081397
5308794261
5940187326
5098362741
5079362481
5743189602
5890326417
5604298731
5687409123
5017846239
5289634071
5628971340
5867230914
5961823704
5178263904
5801394672
5962148703
5748902136
5348602719
5071943628
5721864390
5946120837
5167483209
5043769812
5927810346
5614039827
5970231468
5071863942
5843921706
5967140238
5671324980
5974362810
5348071629
5420863197
5304691278
5079841362
5078324169
5619730482
5430927681
5176039842
5746390821
5136240987
5406183972
5438961702
5302648971
5491068327
5146378920
5740613298
5986472301
5246738190
5093468712
5623984170
5132649708
5904867132
5907241638
5842913706
5978160432
5092136478
5721034986
5216980734
5326014987
5791023684
5603947182
5342960817
5129067384
5631784092
5091624783
5470283961
5936471802
5420671839
5048129637
5308921746
5290167834
5098326417
5960437812
5906178432
5897624310
5217463809
5978140326
5374189260
5328409617
5406182739
5482071396
5940372186
5618927304
5784329106
5806913742
5480371926
5271306489
5271493806
5087136492
5648791032
5168407923
5718049263
5291678430
5231897064
5891042673
5634109827
5628497031
5829437160
5728641309
5036271948
5981246370
5409873261
5821970346
5298014673
5218930674
5349280617
5918360247
5406281397
5624081379
5906382174
5921674308
5496108732
5908132764
5783401269
5248301769
5320941768
5438061792
5182460973
5802374916
5782416039
5718406392
5143796028
5901426738
5673291048
5042836197
5970146283
5014963287
5298437061
5432189706
5493172680
5281076439
5321486907
5234806917
5602731489
5428970316
5791380462
5067942318
5839610274
5289341067
5764982103
5320789461
5487910362
5201768493
5168209374
5241768930
5941638702
5209318467
5712648390
5231748906
5983764012
5467192308
5361097482
5946318702
5481603792
5342879610
5109478263
5108697423
5047139286
5619327408
5283041679
5983642170
5473960182
5847139260
5132064987
5938416072
5732496180
5321468790
5094612387
5231789046
5263478109
5941360782
5082643197
5236019478
5098176234
5361074928
5016972483
5270913468
5483106972
5402976138
5439681027
5973418206
5079621483
5681390247
5903268147
5073186429
5196302874
5319627840
5347061892
5092867341
5438172069
5432897160
5137482609
5029746831
5964720138
5743106289
5621984370
5368091472
5490267138
5708961243
5704983216
5703821964
5963214087
5601982473
5036278194
5786309421
5923186704
5430869217
5461972830
5473891620
5098467312
5724983160
5274609381
5176389024
5120473698
5147398260
5178230964
5281973046
5197842630
5367041298
5306174829
5182736490
5278160934
5837094261
5327904186
5069341782
5730849612
5324176890
5748690213
5613082947
5908671423
5286409173
5623890714
5016379428
5342097816
5467019382
5648173029
5690274813
5981726034
5270913648
5123087649
5802963714
5278914036
5860427391
5862073419
5043178269
5480731926
5039826417
5134709628
5482673910
5062318947
5248013769
5179486320
5023749618
5231470698
5784621039
5928361047
5014237869
5460912378
5187964230
5869123407
5698431027
5641728903
5098637412
5847621309
5834127609
5946180327
5164028379
5301624789
5870236491
5708613249
5871063942
5972641083
5862904713
5690748213
5761092834
5236701984
5740681923
5498701326
5208361974
5468071923
5798461230
5176390824
5634079218
5927830416
5962073148
5073491286
5409726813
5298476103
5961738042
5108742639
5697310428
5394726180
5083164729
5728041639
5961840273
5167208394
5463298017
5903286147
5342716089
5920746813
5281604937
5479806321
5681403297
5674028931
5738296104
5972064183
5019734286
5397108426
5941762308
5718264309
5682739104
5074316928
5903418672
5107243896
5034186792
5309126478
5872603419
5284713069
5279103684
5726410839
5046837291
5248360971
5298140763
5914860273
5832147096
5230419687
5942381067
5913246780
5037816249
5240387961
5630912874
5106784239
5287163409
5608314279
5612894703
5934106872
5798120364
5984132076
5724160893
5360179248
5108329647
5941067832
5342067189
5283491706
5437068219
5673241908
5768420913
5631907824
5702861349
5740286193
5769280431
5047826139
5387419260
5970681423
5639410827
5936714082
5637240981
5189073264
5128364970
5870261349
5324698710
5243871069
5846370912
5932610748
5986032471
5398760124
5630714982
5170628943
5871430926
5924360178
5732809614
5376298140
5703281694
5719642308
5869012437
5237189640
5139078642
5208376491
5042381697
5284903671
5207689143
5732841690
5368742901
5921638047
5931724860
5716492038
5691083472
5083627419
5326187490
5387619402
5198623470
5981703246
5028793461
5923741806
5147260938
5016743928
5873460912
5490387126
5361907248
5894206371
5820193467
5634902781
5124967380
5416830927
5840297613
5831490762
5971820364
5608739241
5169307842
5728190463
5709683124
5920637418
5371940628
5148076239
5708436219
5641387029
5413807296
5128960437
5148679023
5834129076
5106473298
5720649318
5036274918
5746209813
5382169074
5934176082
5094371268
5162409837
5014279638
5728940613
5268409731
5269014738
5034187629
5718096324
5312746908
5078413962
5902638174
5041698372
5621904387
5014293768
5209847136
5961327408
5062439781
5207964318
5362081947
5962843017
5842173690
5678201934
5203617498
5620741938
5147629308
5827091634
5379840216
5846913207
5349701286
5023619847
5738921640
5367240189
5907241863
5379108264
5937641280
5916743802
5487263190
5821346079
5710638942
5410276839
5698017432
5981270346
5284109637
5491036728
5019278364
5918042376
5406293718
5093248167
5197632840
5731946028
5623974810
5960741832
5842761930
5974628301
5713498620
5932608174
5813920674
5724963108
5178694032
5310687942
5378904261
5841206739
5934178260
5396720148
5486093217
5864170293
5168034792
5791284063
5921678340
5706489213
5029176834
5967203814
5784920361
5980213647
5083421679
5841623097
5620389471
5427839601
5964371028
5310486279
5142869073
