7564102839
7380154296
7231694058
7165302498
7031489256
7315490862
7329615048
7391625480
7435810692
7231968450
7231856904
7492361805
7019428635
7154068923
7085124396
7025483169
7945601238
7958630124
7031592864
7032685914
7546038291
7294801563
7458692130
7123469085
7523094816
7081329465
7058642319
7039241856
7592863410
7018425963
7693425018
7926145038
7482915036
7903485216
7968150324
7652134908
7195603824
7903614852
7612490583
7286953401
7068915423
7568039214
7896305241
7982034651
7834651920
7453986102
7614320958
7653984102
7143658029
7820463195
7308194256
7014836259
7021635984
7293084651
7043812596
7809523461
7581649023
7145809236
7620549831
7304215968
7513492860
7531940682
7948106532
7801234596
7248605391
7269301485
7965841320
7263854091
7291640538
7028135496
7438526091
7804912536
7542163980
7901386425
7059613824
7180346529
7320495816
7396021584
7243816509
7039461852
7634851290
7136095842
7248693150
7968230145
7258961340
7340962185
7346251890
7034569821
7945310628
7458103962
7351420869
7248135906
7523460819
7169420853
7126385490
7618309425
7638524091
7985042136
7524830961
7516248903
7563984021
7045931628
7386415092
7256193480
7863241590
7403692518
7261803954
7923610458
7538902461
7659140328
7018534629
7961053428
7694013582
7953046281
7534096218
7284609135
7651092483
7056289341
7601294385
7514096823
7593084621
7945231680
7695124308
7931568024
7154820396
7284631095
7183905462
7914085326
7931056482
7560924318
7014258936
7062954813
7410269538
7651082943
7304251869
7061843259
7980365241
7930241685
7615092438
7639840125
7041269853
7650918243
7613425980
7019453628
7429083561
7615439082
7105649238
7839605214
7280546193
7029653481
7980134256
7912563840
7598043162
7631204985
7682415039
7945310286
7563048291
7645138902
7614820593
7461895302
7103246598
7023961458
7841962305
7061894325
7084295613
7386204915
7629805134
7925168430
7508936241
7042839651
7583142960
7196023485
7039548126
7394586012
7392415068
7659012834
7023415968
7319058426
7129836054
7639128054
7450962831
7301659284
7190352486
7215806394
7642108359
7923506481
7861259403
7168095243
7605123498
7105689324
7095462138
7094263158
7501429836
7906832514
7620483915
7384512690
7410632598
7583409126
7093126854
7291348506
7895460132
7639021485
7904132586
7518620934
7283940651
7498610253
7490361852
7028951346
7285310964
7193485026
7915308462
7801324596
7965418320
7298063415
7431502896
7504912638
7324186059
7348916052
7951482360
7810369542
7648219053
7019845623
7632590148
7162458930
7925068413
7930641852
7095384612
7918230465
7105826394
7026931485
7214385906
7152894063
7841320965
7931542806
7912483605
7098351426
7284603519
7163485902
7836295140
7421960853
7982016354
7013625948
7592301468
7903584216
7923564180
7803426915
7439201685
7893214506
7385920164
7936428501
7563902841
7632049851
7582694130
7849023651
7436901852
7592384601
7463951802
7536924018
7190863254
7618234059
7658430291
7806351294
7645913082
7356941802
7239851460
7480623591
7893051426
7261940853
7980126453
7632890145
7649803215
7561902348
7365981402
7923084615
7435806192
7204961835
7689213450
7196583042
7862341950
7048935621
7391526804
7298413056
7490213658
7483290615
7826931450
7051382496
7689501423
7862145390
7235489106
7510364982
7152869403
7263895140
7654801923
7184390256
7042386951
7081453692
7601985432
7280564139
7845631029
7392415068
7134209865
7531629048
7542306189
7281309564
7843920165
7691208534
7218954036
7635189042
7639081245
7695301248
7319852046
7320654981
7839624150
7053492816
7634502981
7640523891
7145892630
7124659038
7839142650
7531980462
7504238691
7315928640
7320695814
7983204516
7908613245
7250138946
7950846132
7182356049
7246831950
7298041536
7459386120
7382015694
7341582906
7426830519
7982165304
7984532061
7948316502
7980643251
7928014653
7582931604
7169254380
7059168234
7140836952
7204615938
7593862401
7120453869
7410238659
7431690528
7693510248
7246309185
7632851904
7265480931
7145963082
7936081542
7354098162
7124853096
7651409283
7106924853
7968401352
7425089136
7430689521
7819420536
7601325894
7306528419
7549623810
7269058341
7192536840
7190523648
7846029531
7251496038
7321904586
7581240639
7450361928
7841935026
7025946138
7854923610
7489312506
7540816239
7541608293
7834502961
7240563189
7301968425
7689510243
7601398425
7915834602
7182950463
7950834612
7301824695
7890142635
7830149265
7289610345
7918423605
7926518430
7369802154
7021385469
7269148530
7254810369
7524108693
7810634592
7485619230
7923145806
7391450862
7816259340
7904381256
7958410623
7863410925
7329504186
7084265139
7395810246
7056841923
7536128490
7904285136
7412036859
7829501346
7294853061
7105429638
7896012435
7189504326
7185263094
7316529804
7618092534
7530982614
7438105926
7643509812
7246895103
7052193648
7092568431
7420935816
7368541920
7425093816
7905432861
7690314258
7206345819
7042398156
7259603481
7624019358
7184509362
7913206485
7152608493
7285390146
7934625018
7295613480
7513948062
7184635290
7658420931
7694153028
7295016483
7489613025
7352169480
7563209481
7532986401
7942136058
7634198205
7602851349
7895430621
7148350962
7962305814
7342581069
7164903582
7205194836
7693520814
7862490513
7348562109
7390286145
7561384209
7418590362
7081645239
7238410659
7182960354
7435018926
7349126580
7364951082
7492185603
7642058391
7983415620
7834201569
7186345920
7236459108
7269013854
7986531024
7214968053
7214958306
7124903685
7085421936
7359480612
7964215038
7906382541
7354961802
7453061982
7019423586
7906812453
7483569021
7421895306
7914620835
7231596048
7942365108
7926013584
7809534126
7368529401
7213964085
7063154982
7931582046
7361295804
7586423910
7265418093
7945031268
7849315620
7580136492
7350246891
7562918430
7843602591
7320186495
7258091634
7649813025
7354681290
7925148630
7689203154
7942651380
7951064823
7539648021
7291436805
7639280145
7628903541
7805243691
7495061238
7249830615
7486231509
7243658190
7263895140
7460231985
7912836540
7502143986
7512043896
7418350692
7649230158
7864390251
7064918235
7304569182
7240186953
7695308412
7586340921
7935640281
7819053462
7523864901
7315649208
7458096231
7105369284
7459320681
7296308415
7093516842
7528401396
7896352410
7803462915
7810254639
7502318946
7012458963
7623015948
7154203869
7368924105
7934156082
7938465012
7803426519
7980413526
7935164820
7486350291
7865149023
7960548321
7946351082
7680142395
7852409316
7091856342
7501938642
7859126043
7206814359
7135026948
7021695834
7194508263
7048263159
7830496521
7493612058
7261085943
7203685149
7891354062
7142598630
7206148953
7862154093
7964158032
7286941305
7194326850
7096458132
7528093146
7432510896
7832064591
7516493028
7182906543
7465301982
7906215348
7461935820
7395268140
7834196520
7238016495
7985643120
7409815263
7628453109
7684132950
7084231956
7084652913
7183562490
7598420136
7513906482
7348502169
7542361089
7146582093
7980432516
7128356904
7061428953
7263104859
7194068235
7594261083
7806194325
7243985160
7048519263
7231064589
7948153062
7360918245
7560148239
7269583140
7195648302
7298036541
7198526034
7241593806
7283490651
7092631548
7481269035
7518234690
7403862591
7185406329
7320189456
7604319258
7298154630
7354901862
7412809536
7489651032
7342196805
7861095243
7803251496
7321980564
7243068591
7140865293
7256914380
7269045183
7482615039
7643982105
7694132850
7496031528
7302185694
7236098514
7402635891
7194526803
7658934210
7816029435
7465930128
7389642015
7816493052
7032845691
7061825439
7046152983
7901832456
7261849053
7283954610
7934820615
7482160935
7653914280
7184963052
7615890432
7098136425
7428061593
7940258163
7356029841
7384150296
7298516430
7546183920
7632904851
7401258693
7598126403
7235460981
7169830254
7328609154
7053184926
7351426890
7529436018
7683054219
7692805341
7103964258
7321908546
7914805236
7369581204
7495312608
7613805249
7183059264
7921605348
7986231450
7205961438
7241369580
7038421659
7326954810
7069352184
7132498506
7148932506
7398014265
7954612038
7504196832
7854216093
7391528640
7490562813
7842906513
7690154328
7632549018
7061293584
7680412359
7841925306
7489365201
7452689031
7546193028
7961028543
7154980263
7219865403
7284561309
7615042839
7430928156
7036815249
7021598364
7352498160
7109483526
7208941563
7091368425
7312648059
7560392184
7814653920
7592608341
7520469138
7680519342
7314689250
7426910385
7892431065
7125463908
7831602549
7689450312
7138025496
7129304658
7203916854
7941380562
7284105693
7214650893
7452890316
7684032195
7428619035
7682159340
7369042851
7029654318
7430619852
7316598204
7659208431
7526098314
7285913064
7842196530
7835620194
7064918235
7386915420
7853691204
7936142805
7463152809
7834061925
7069154238
7650248139
7625391408
7586019423
7813029456
7082593641
7952164803
7501428396
7148953602
7520134869
7834219056
7264895130
7501264398
7216503489
7468150392
7809134652
7340582916
7152486930
7964125803
7350824691
7260513849
7589364210
7362150498
7081239465
7195048632
7804923615
7125804369
7826530194
7823165049
7081265493
7231468095
7624089531
7361254089
7930485621
7085416923
7810345692
7396810524
7485036192
7923064518
7395261840
7385694012
7143650289
7238619540
7206489351
7358094621
7682430519
7510638294
7461283059
7410983652
7045238196
7508213946
7456912308
7451896230
7306598421
7986032451
7982345061
7583901426
7012986453
7965321048
7043295681
7816359240
7218459063
7269083145
7320451869
7831925046
7516983240
7012943568
7135046829
7351986042
7928314650
7810962534
7361089524
7549360218
7142905863
7453682019
7804923165
7546019328
7150249386
7296415038
7680943521
7408592361
7962801534
7586901243
7206384159
7893561204
7902168354
7158302946
7206834195
7581496302
7981263504
7246583109
7204183659
7062185439
7693801542
7813902564
7253869410
7601293854
7215904638
7834906125
7863249501
7301824956
7834956102
7823096145
7524860913
7902684531
7498321605
7936052841
7891605243
7615904238
7895364210
7309241685
7538649021
7251469038
7693185402
7521436809
7549023186
7042158693
7623915084
7486129350
7290156438
7642935108
7031265489
7590618243
7893410526
7510864932
7415289630
7512943608
7238514069
7812043596
7461358290
7305642981
7926801435
7650981342
7250186493
7814659203
7504683291
7145983062
7851930642
7029568341
7129634850
7208394651
7569842130
7491236085
7842106395
7895024631
7635109824
7401365289
7091482365
7689342501
7415368209
7186509342
7816034259
7132650984
7036841259
7432856910
7198523406
7284593016
7985013624
7594830621
7415802396
7948635021
7416082359
7361502894
7261485309
7984016523
7908461523
7406239851
7581692340
7130284569
7920841635
7162985304
7235609841
7106453928
7380941526
7932805146
7810246539
7210653489
7091285643
7215083469
7382510694
7392165840
7586310942
7462398150
7389516240
7320945168
7351960428
7865943102
7954362081
7459368012
7821309546
7049528163
7016835924
7984652301
7821094536
7403158926
7183946250
7125064983
7028436159
7508142936
7413026589
7350468192
7369542180
7054296138
7156849320
7906451823
7192463805
7183269504
7029186354
7490258316
7809312564
7312086954
7182034965
7863921405
7835210649
7861905234
7934015862
7165894032
7106284539
7829501634
7361054982
7653982401
7519038426
7548916230
7406521938
7356428190
7584092163
7912463508
7962148530
7841325609
7456298013
7289450316
7836904152
7613842950
7102534896
7289043516
7360849512
7143529608
7026914853
7895032614
7806349512
7104569238
7642015983
7193648250
7513496208
7809645231
7698203415
7921406853
7895134602
7493108526
7315864029
7925103864
7913405286
7534028691
7204396581
7364521890
7860243915
7921863405
7490158362
7943150826
7693851024
7634089215
7632198045
7904536821
7012563894
7234951806
7438901562
7145296308
7912384605
7861942053
7145683209
7958061324
7942306518
7209435186
7053819264
7150498632
7546328091
7389562104
7580649132
7032186549
7629014853
7153826904
7403215698
7219360548
7530246189
7543086912
7865249301
7925640183
7015364829
7208143965
7235981604
7631940582
7802916453
7390461258
7120546389
7953206184
7912543860
7518340629
7860321549
7485192603
7253091684
7953160248
7468532910
7692054183
7523806491
7286431059
7180965324
7421058693
7231408965
7548316920
7143860952
7891650423
7189623405
7961850423
7640835912
7038546219
7062341859
7652904381
7931652048
7238150964
7452693108
7306425981
7024193856
7684390152
7945286013
7436129805
7852130946
7513496208
7089564123
7384109562
7590418326
7834506291
7394165028
7631045892
7362045918
7619352840
7912456308
7418905362
7541023968
7320184596
7904865231
7640328951
7896352041
7824195063
7629458301
7306589142
7216349805
7195328460
7054631892
7324058916
7186420395
7631904285
7816245930
7362149580
7026941583
7693205148
7490826513
7654039128
7196524038
7062851349
7063842915
7023469185
7492063581
7639018245
7623908451
7829435061
7368519042
7809326541
7281605943
7482153960
7648023519
7901542638
7619023458
7924063518
7628941305
7491032685
7261089435
7156298043
7385901246
7045316289
7240615893
7321650894
7894321056
7819264503
7541260938
7830429165
7301689245
7610238954
7169340528
7483165029
7154328096
7408195362
7490381256
7096413582
7650983421
7836214059
7430692158
7251489063
7093816452
7439812560
7065183942
7014526893
7283459016
7485369201
7625318904
7058621934
7019685234
7631205894
7968245130
7194265803
7019435682
7901658423
7453912860
7516489302
7640532189
7649285130
7123684950
7382405916
7698203145
7064158932
7459063812
7260189534
7635120489
7281049563
7049521368
7243918065
7380614952
7594168302
7369814025
7156903284
7910245863
7308562491
7396825014
7896052143
7581690342
7652483109
7364059812
7395486021
7908312456
7159462083
7640319258
7601489235
7251346890
7325981640
7219850643
7824350196
7184635920
7682953104
7589436210
7512038649
7956348102
7152394806
7834965021
7831590642
7348506192
7804692153
7823164059
7521043968
7496801532
7829036514
7915603824
7193068254
7058941362
7569230418
7265814903
7314598620
7096138542
7538921460
7860452319
7269801534
7653021984
7182394560
7560249831
7093126584
7459186032
7238649501
7189524630
7642593108
7615389204
7610983452
7284139605
7146890523
7263451980
7305496128
7865312904
7189564320
7429183065
7903652148
7943680521
7531649802
7026835419
7680534219
7408365912
7429013586
7834695021
7185920364
7123680945
7901564328
7695431082
7412956380
7843102695
7908146352
7962318540
7250681934
7390581426
7295436018
7892613540
7043928561
7415823069
7621894530
7681432590
7530418629
7901258364
7145089623
7241530689
7109562834
7490628531
7325860149
7065238941
7931280456
7451903862
7502394618
7513902684
7689021534
7190368425
7609328415
7091856243
7930624581
7968421035
7435609218
7983021645
7245809631
7235680914
7940213658
7435986012
7025814639
7986521034
7942510683
7284610935
7952801436
7195836204
7360598124
7049581632
7218394650
7492865310
7830456192
7594031682
7134526890
7132584960
7926403581
7864035129
7293810645
7065392481
7954380261
7609584321
7361458092
7946038251
7504238691
7394581206
7803914526
7103542986
7413920685
7318469025
7462930851
7436598210
7260891534
7801265394
7963815204
7863154029
7249305186
7539614082
7624031958
7046953218
7016593482
7318249605
7539014862
7901234658
7563048129
7520439186
7185092346
7495680132
7026318945
7521304869
7063528491
7918052634
7918024563
7842035196
7052849163
7826104395
7920485361
7920841563
7806592134
7034258961
7143820956
7130268945
7429103865
7956140238
7519604832
7395860421
7523641098
7813420569
7034926185
7981324650
7893654120
7612094538
7150462983
7041986352
7462930815
7350841269
7823460951
7034258619
7580619342
7820193654
7023548169
7628391450
7092351864
7318945062
7061924358
7305498162
7260489531
7153420986
7205394168
7821640395
7162403589
7981642530
7821946503
7359106824
7140982536
7513209648
7058239614
7582390641
7651392408
7069142385
7018926345
7930421586
7489230561
7428031659
7409263815
7208491365
7841309265
7536248109
7631924805
7014259386
7801492563
7185429063
7120385649
7940861235
7623840591
7254601938
7231598460
7594026813
7390465821
7864013259
7042598613
7956214083
7469208531
7934102586
7560483219
7241839065
7142983065
7809326145
7832149506
7819305462
7853140692
7136958240
7104968325
7349851026
7062581439
7409356821
7092685134
7406395128
7342169805
7586203914
7219408635
7801523649
7384195026
7542813096
7201954368
7231059486
7134562809
7163048259
7259364180
7462085913
7165832094
7349150682
7380154926
7304925618
7092146583
7842061395
7860249315
7380546912
7501368942
7845321960
7568130942
7295681304
7305918624
7946820351
7283590164
7509462183
7403295168
7592360418
7631942805
7365014982
7069534218
7823451960
7183520469
7105286349
7512960384
7402865319
7928516043
7164098352
7165028439
7210634589
7089456123
7042538169
7394082165
7961208345
7165289430
7820465319
7412389650
7298435601
7068914532
7840362159
7295683041
7148963250
7036254198
7968014523
7956801342
7512980436
7183425690
7042596813
7839156204
7850163492
7218906345
7953146028
7651842093
7105689324
7148293506
7305486291
7401689532
7320814659
7620194385
7251436089
7938602145
7589403621
7402695831
7610593284
7590362148
7451236980
7534821096
7390685124
7386490521
7230594168
7085429136
7019532864
7216485390
7691348025
7204681593
7652190834
7369021584
7154930862
7261903845
7314592068
7214603598
7134956208
7912403865
7460218935
7286143590
7345681209
7856410239
7213895460
7359204681
7845693201
7158623940
7268309145
7596401832
7423019685
7158496302
7205693814
7845091326
7263148590
7689540312
7514036829
7931648502
7489263105
7026459831
7214860593
7356820941
7456209138
7583261049
7024836591
7560428931
7908265134
7025389614
7592830641
7650924381
7352186049
7928506143
7149032865
7861495032
7960813452
7456032198
7351064982
7162589043
7520639841
7350294618
7452139806
7194258630
7305218694
7398615240
7062891543
7608253941
7046239581
7021564983
7520486913
7398210645
7905648312
7863012954
7184360952
7025186394
7096518342
7685149023
7451903268
7506423891
7026193845
7193206458
7821093546
7518236940
7905318264
7951634820
7350219684
7634509812
7510364829
7514390862
7894321650
7924501683
7149386250
7912634508
7346921805
7462105938
7960512843
7290316845
7348295160
7910584236
7826039541
7409268315
7504293618
7945320681
7308164259
7105436829
7608135942
7623158940
7504629183
7685412309
7659213804
7439201685
7394215806
7439812506
7485036912
7680312594
7859123406
7896503142
7624598031
7934518026
7019654823
7249108536
7459086213
7526891430
7568219043
7856340912
7160593842
7369408125
7603498215
7902561438
7624019385
7905681432
7135824960
7314065928
7254916038
7042813569
7035491826
7629034185
7810436259
7639185420
7523809164
7513962084
7193456802
7051893264
7510682934
7540293816
7569238410
7659134208
7094283516
7081234695
7041536298
7342651980
7085123694
7019524836
7283416095
7120598634
7803461295
7940523681
7853902416
7269315804
7154082396
7546183209
7893245610
7031694528
7368450192
7239865140
7316840925
7543861920
7051682349
7590642183
7142980563
7893601245
7698521043
7139608452
7564109283
7168593042
7462389150
7145689320
7905243168
7643901258
7861420953
7948063251
7295613840
7234859610
7921435608
7801453962
7915842036
7890632514
7198634205
7601984523
7165082493
7538219604
7132905684
7560438129
7914058362
7198360245
7548016932
7651083249
7294136580
7082591364
7259130468
7623918045
7863451290
7480962315
7293481506
7039418256
7913485062
7340128965
7862359140
7135402698
7823650491
7890361254
7694315820
7863294510
7925401386
7218039465
7412893065
7389510264
7652391804
7491650823
7820954136
7860354921
7814052396
7569148023
7854629310
7286309451
7165903824
7910584362
7805192436
7896430152
7250169384
7163290845
7216308954
7364591802
7625041983
7142956083
7340295186
7083156492
7498523160
7432560189
7615843920
7185029436
7429165083
7368492105
7425031968
7621094583
7185302964
7501634928
7921485306
7560283491
7065482139
7203198465
7163409258
7098413625
7138926504
7459021683
7943681502
7536021489
7653218049
7965483201
7594216038
7985123460
7310598264
7908632514
7932604581
7630854291
7529046381
7619385420
7340165829
7593620148
7580291463
7315692480
7342068195
7021694385
7169038542
7906834251
7940316582
7521964083
7203165948
7916380542
7098135426
7549680123
7128560349
7180432659
7520183649
7145836029
7251934068
7135029684
7418032659
7521830694
7419025386
7308642159
7023849516
7294138065
7493150286
7281469035
7832940561
7431985620
7295140863
7581269430
7429805361
7841563920
7421069583
7063842195
7349265801
7392581460
7821460935
7903261485
7302648519
7910854623
7429306851
7096183452
7560248913
7043185269
7219405368
7496352081
7294160853
7324968051
7410968523
7465928301
7523906418
7685214903
7154903628
7405863192
7538641920
7219486305
7849506312
7023951648
7293851406
7294865310
7832956041
7325418609
7802945361
7160539824
7620981543
7364120859
7964583102
7815920364
7391256840
7910842635
7518036429
7032461958
7698305421
7514260938
7041396825
7321659084
7931085624
7485069231
7318295604
7143608592
7123504689
7514209863
7153904862
7423698510
7902156438
7012895346
7628953014
7203496851
7542809361
7164390528
7831429065
7201564938
7369425018
7128036954
7631428950
7563241908
7061423958
7614032859
7960342815
7514836029
7169283450
7681402395
7540862913
7430521869
7508194236
7654392180
7185649032
7459821360
7381049265
7845029613
7362018549
7521439680
7946320185
7534891026
7523091684
7623590814
7938502614
7902361584
7813902456
7459316082
7963082451
7963810524
7126459803
7456021983
7835219046
7946152803
7593802614
7238694501
7514380629
7813259460
7352491086
7823069154
7453829610
7618053429
7510869243
7831529406
7139508264
7023169548
7169285430
7459203186
7125638049
7105496382
7413582906
7258046391
7143028695
7546891302
7048325619
7834520691
7148936205
7185263409
7954831062
7382154609
7135094286
7549806213
7365421809
7352168049
7386240951
7508924631
7951386024
7608914235
7982103456
7508293641
7406538912
7428106953
7850239146
7480596231
7485210396
7415806923
7860235491
7308561942
7219083645
7659304812
7534286910
7243698105
7920681534
7683145902
7205891634
7520938461
7943512680
7195264803
7903528164
7642830159
7485309162
7913508264
7246135980
7346580291
7025149863
7052938164
7064518923
7963418520
7325604981
7542163089
7893065412
7459630812
7638041925
7425318069
7286495130
7820634951
7869520413
7032864915
7612509843
7426081593
7104963528
7086942153
7352180649
7149650382
7930548261
7540198632
7201435869
7854260931
7495032816
7480539621
7451068293
7064315892
7802134659
7412096538
7364502918
7086459312
7298316504
7318592406
7840123695
7539816024
7693201485
7296584310
7608921354
7539162840
7109634825
7962154803
7164025398
7350129684
7814306529
7340692158
7480239156
7965483012
7032519684
7869243105
7301894526
7432568901
7089546312
7918356240
7695302418
7469021853
7901346582
7850324961
7130596248
7291386054
7164089235
7856301924
7201586943
7692805134
7301564928
7562014839
7264035189
7491358026
7215398064
7231869054
7091354826
7061358942
7021594638
7269518034
7608921354
7301248956
7402358961
7413625089
7208341569
7352601984
7398065241
7065481392
7312058694
7890514236
7486192035
7308695142
7816409325
7610523894
7654091382
7465980312
7412059638
7184356920
7938546012
7083564921
7690124358
7256431089
7218365940
7538941062
7946583201
7208345916
7102854396
7058413629
7690158243
7364291580
7246135098
7901853264
7504328196
7341958260
7420596831
7029683451
7642958013
7823496501
7936528041
7281560394
7480612395
7950168432
7526903841
7638921504
7804329156
7196054832
7810936425
7364952810
7591360824
7216530849
7945312068
7390218564
7923108465
7139852406
7632518094
7608913542
7905413268
7418925630
7063815942
7809546132
7249563180
7423508916
7382105469
7042319568
7095134628
7645082913
7831204569
7546832910
7192346508
7086295314
7834590126
7802916354
7238951406
7895046123
7085436291
7036419258
7342510689
7843190652
7061423598
7904235168
7682914530
7395604218
7509823641
7431862509
7508214396
7140935682
7963051428
7045293681
7435269810
7528413096
7539420816
7260984513
7241695380
7106825493
7215804963
7943581026
7863190542
7839652410
7682309451
7398426150
7138542069
7581369204
7064835921
7139586204
7148309265
7352418069
7864530291
7453209816
7351209486
7384209165
7532948160
7693140852
7195038264
7593081462
7280456319
7653928410
7304895216
7341295806
7685943201
7205839641
7634295801
7035186492
7490281365
7932146580
7948015632
7816240593
7426310985
7153469082
7386052419
7905124836
7098546312
7385642190
7269483015
7913064825
7861435092
7439082651
7821093564
7804162953
7640238159
7429631085
7453892016
7208569314
7249130586
7025193846
7631982450
7485902316
7815239406
7026458391
7904625318
7062831495
7596381204
7826190543
7590243816
7381945026
7346190258
7851239064
7906158423
7830214596
7913462580
7582460193
7504283619
7096158423
7025631498
7519240368
7256890341
7835602419
7324590681
7385690241
7628591043
7652943108
7103259684
7023958641
7028641935
7934860152
7380156249
7642980531
7408596231
7139625084
7160843925
7398615420
7853460291
7028391456
7531869204
7830694512
7063529148
7364918520
7149620835
7984605231
7064823951
7420938615
7352041689
7621390854
7254891630
7241695308
7062451389
7413065289
7451268093
7109463825
7926851034
7538019624
7103546289
7510689432
7042968531
7659324801
7531298046
7691830245
7936480521
7391584260
7415623089
7825691304
7132894605
7521680934
7581926034
7819305642
7425180963
7803296514
7504319286
7502684913
7410538962
7839062415
7104253968
7045321968
7850416329
7901285463
7034862915
7423856901
7615492083
7245698130
7613245809
7813562049
7690351824
7862315904
7631405982
7186352094
7809246135
7318452069
7028634591
7083516924
7298510643
7594102386
7849520316
7825491630
7386042951
7250413689
7904253186
7892510346
7164538902
7534286910
7846135920
7924306518
7504193862
7102453689
7524398601
7142659308
7142305968
7832659401
7198562034
7460392851
7846132905
7125640938
7391280465
7860145293
7418653029
7641895320
7352169408
7832496150
7438651092
7419368052
7094183625
7289164053
7816305942
7689345120
7360152489
7084613592
7308546921
7143950286
7834502961
7190235684
7365291084
7948520631
7958421036
7128634509
7659103482
7630421598
7685419320
7458263910
7321904685
7086532194
7219850364
7019428365
7824953160
7901253648
7106324895
7085361924
7065384921
7098351462
7025469318
7605921483
7658190432
7514936280
7352819046
7523098461
7063982541
7031459628
7658210934
7162093845
7435891620
7085943612
7628340519
7329056814
7204618593
7803269415
7105486239
7108356924
7416583290
7841260359
7031296458
7456290183
7290345618
7083951246
7592186304
7835042169
7942508361
7640138295
7692514083
7284653910
7105283469
7149028653
7201685934
7502468913
7254813609
7983406251
7261945308
7381942605
7458936201
7316089524
7853420196
7381094562
7396108452
7394612058
7614890253
7083426159
7893514062
7912635408
7486315092
7943105286
7412685930
7609258143
7846025931
7401563982
7468309125
7418530296
7629310584
7459263081
7163580429
7081529634
7340528961
7654098123
7021896534
7384051269
7301856429
7615283049
7054392681
7290534186
7401628359
7965024138
7024356918
7684195032
7896524310
7453289160
7849013256
7392806145
7853042619
7394168052
7102896354
7314502896
7614089352
7408951326
7140369258
7096483521
7839512064
7513264980
7346950281
7945621803
7502391864
7863012594
7189256430
7935184620
7526948130
7345028961
7120486539
7350824916
7315204968
7342089165
7319286450
7291850463
7310254968
7162089543
7935602814
7193402568
7648590321
7943628501
7645918203
7835906421
7608513924
7450968231
7428056319
7215043896
7904516823
7028165934
7128543609
7842610935
7941823650
7018635294
7621934580
7341582690
7324015869
7041269385
7239548016
7026384195
7302164895
7590428631
7943126508
7931420568
7930168452
7391642805
7039528164
7029561438
7294816305
7318490625
7560938412
7185964032
7102854639
7205361948
7941853260
7039618254
7081459362
7951302468
7813529604
7615083492
7318456920
7268093145
7508419362
7359284061
7230496815
7630489215
7639520841
7491365082
7105463289
7514309862
7215068349
7231459860
7386095421
7935286410
7362450819
7092318564
7953081642
7156342098
7586903241
7423568910
7861340952
7260193458
7596438012
7143895620
7328146590
7596801234
7315649082
7243860519
7921435860
7068315429
7904125836
7601953428
7598641230
7263591048
7956210348
7910845623
7840259361
7360512489
7925318460
7518426309
7953086412
7932684051
7953126408
7169824053
7458906213
7583091246
7093612458
7809453621
7128349506
7354189620
7308461259
7296385140
7045192386
7153204986
7901542368
7253186490
7569438102
7918402635
7451086239
7104586392
7065923184
7528436901
7154236890
7908563214
7695423810
7364201895
7938042615
7603248915
7516802943
7283610459
7831594602
7156420938
7419582603
7845632019
7862503149
7623195084
7938450261
7450982136
7961230458
7296408351
7162385094
7513940286
7405163892
7308164529
7038124965
7431680259
7068395214
7843201596
7054369218
7325816940
7194685203
7984035621
7043168295
7465310928
7963512804
7251946038
7650184392
7824103659
7824613905
7804251963
7840562391
7614389205
7209135864
7284613905
7401932658
7386104952
7429105386
7893150426
7583912064
7824315690
7362954810
7381496205
7498563102
7451369280
7604592183
7084365291
7260945138
7801963254
7645821309
7528934061
7942106385
7850139624
7540938216
7124605983
7130864295
7192463805
7850631429
7456093182
7046825193
7801462539
7514829360
7905124863
7698340125
7138625094
7985406213
7821903465
7426518309
7190326548
7106439852
7309128645
7381529460
7465821093
7263514809
7162438950
7364092158
7635214908
7346952180
7084563219
7810639542
7293405168
7831549206
7931285046
7204831965
7284935610
7510869423
7269148305
7913624508
7509614823
7980536124
7508342961
7590218643
7310582694
7581432609
7321605894
7198354206
7928413506
7564938102
7682130594
7062183495
7846093512
7136984052
7941206358
7562308149
7816302954
7463091285
7062149358
7301864529
7128063495
7943150862
7904285316
7905832146
7451083692
7842903165
7294136508
7630854291
7368240159
7685193024
7421085639
7216394508
7985012643
7650428319
7692104583
7243619850
7521984603
7548206913
7280514369
7964012358
7340251869
7923645801
7460581239
7890143562
7514360928
7613598420
7610593842
7931024856
7539802146
7183926540
7830246519
7392601485
7294518630
7251460839
7612098543
7513624890
7246135980
7218953064
7106523948
7158264930
7152864930
7169085234
7853902146
7204189653
7142385609
7130426859
7920381564
7043251896
7459321086
7012983564
7593408126
7184096235
7120369485
7526801493
7291046358
7453621098
7023456918
7602945183
7263408195
7508162394
7052349618
7062315849
7049162853
7960531248
7132860495
7913604285
7139245860
7609438521
7503691248
7845261390
7314260859
7361054829
7426389051
7126095834
7835219640
7318624950
7615038942
7816243950
7204918635
7145039682
7492561830
7594231860
7948203516
7362501984
7352619084
7016349528
7912046385
7560291348
7980421635
7285390146
7503692184
7395806241
7893051462
7932584106
7235018649
7850946123
7815693042
7364518092
7264503891
7380615492
7382459016
7169023458
7952614803
7186934052
7584309612
7382951064
7284196530
7029541386
7239860415
7068359412
7490235168
7396285014
7609845321
7804935612
7369804512
7064918253
7608459132
7952384160
7204395618
7263895014
7528613094
7492058613
7369014852
7694582130
7420618359
7831095642
7962508134
7012845396
7936451820
7148035269
7938051264
7504629831
7124635098
7514326089
7015934268
7941283605
7638049125
7529108643
7450296381
7106532849
7459021386
7084253961
7184950632
7836195240
7341950268
7682409513
7863059241
7894106325
7138296045
7189452603
7103298564
7396415028
7893102546
7835140296
7294501638
7084261395
7432091586
7248015963
7185962043
7645032189
7069328154
7019346825
7560391824
7250938416
7184205396
7456812093
7245381069
7143980265
7209843615
7639128504
7936815420
7369285401
7913064258
7419230856
7084691325
7319204568
7921054368
7603592148
7835209146
7915604238
7605128439
7421593860
7140865932
7462301958
7541368920
7148326590
7249036158
7306581249
7824139560
7983056214
7685304921
7280496153
7594680123
7963148250
7025846319
7326108495
7829536401
7604218593
7032185964
7502194638
7439562018
7234598106
7940623158
7038642951
7934581260
7482103965
7125608439
7081269453
7913582064
7621098435
7051694823
7594360218
7836954102
7186920345
7042386195
7842310695
7206439158
7139204586
7395621480
7284036519
7210439685
7912430685
7563180294
7685312094
7206135984
7936548102
7402813695
7135964820
7843602195
7052169834
7485329160
7591608243
7942138560
7156928430
7932165084
7031569248
7913026845
7530891624
7564931208
7038926541
7103429568
7186209345
7263541890
7516928403
7395840612
7192564038
7985610432
7489315062
7124936850
7584301269
7426531098
7132659408
7528936410
7401862935
7054193862
7392501468
7213905648
7245986130
7860352149
7045261983
7649235801
7294850136
7832694051
7214953086
7938542601
7152043689
7106352948
7540928316
7354061892
7492803615
7456183902
7694235081
7910624583
7512306849
7542631809
7586910324
7158064923
7025186394
7851263940
7192460835
7385421960
7328960154
7465803912
7039125846
7135924068
7189263504
7824536109
7831249056
7261509843
7248351960
7913602584
7023564819
7230685419
7936824015
7890632451
7894310256
7841356920
7298136405
7123968504
7941260835
7126504389
7291683045
7012368549
7913452086
7610839254
7245139068
7514903862
7681490253
7259038641
7148536902
7812490536
7398241560
7136854902
7169524308
7609218534
7634921805
7601458923
7930654281
7895042316
7249531680
7456283019
7530248961
7634951208
7504218639
7569302481
7138509642
7402391865
7592081364
7056243981
7324980516
7681205493
7193806524
7165490238
7341526908
7504832691
7910435862
7803614952
7641250938
7654280319
7596430812
7839206514
7923140685
7084169523
7085264913
7910362584
7963205481
7810962534
7430129658
7863205149
7259180346
7419563082
7084913256
7641809235
7062894531
7189426305
7053961824
7231045698
7381654290
7052369814
7105934628
7842516390
7309285641
7485012369
7216485390
7049536128
7845031692
7169308524
7520864319
7132059468
7430815962
7430126985
7146598320
7496520381
7258940613
7105938624
7621058439
7854039126
7619205843
7064318592
7925146083
7801653492
7804352196
7352468901
7465820319
7920836415
7210586349
7654210983
7418036529
7254380961
7412306985
7062418593
7253840916
7328150469
7296308451
7210598436
7246895013
7654098123
7192450638
7648091352
7518029364
7165038294
7631809254
7945823160
7658913240
7236451089
7326095841
7958320146
7543869201
7385691042
7820139465
7913654280
7361245809
7365984021
7139584260
7246035918
7546821903
7328960451
7520864319
7935281460
7436219085
7810493526
7896530142
7140936258
7091538264
7549083261
7960148532
7243981056
7698501243
7120639548
7508219346
7019586234
7521089463
7093821564
7918425603
7041589623
7982346015
7480956213
7690415832
7516482309
7906315248
7340918526
7802516493
7108269345
7294608513
7239160458
7216439508
7139408265
7649013285
7546183290
7861325409
7468213950
7089164253
7140382569
7561289043
7435860192
7890651324
7684250931
7218936540
7314580296
7239160854
7210546839
7692580341
7193845062
7923841560
7843562910
7384260159
7324518609
7649138250
7394085126
7260513894
7320416958
7639124850
7283159064
7413528690
7264153890
7859260413
7351486209
7531608942
7921034658
7069281354
7042861593
7084162593
7259036148
7136459820
7863901452
7256843901
7236901845
7562438091
7029654183
7345120986
7645839210
7391258640
7312908546
7345219806
7813469052
7129836504
7652108943
7035216489
7683401259
7051824369
7219485603
7234608519
7201639548
7135298406
7508934162
7586213409
7903645128
7306195428
7583429610
7619528430
7561349820
7920846135
7920635148
7259403861
7945023816
7328965410
7514829036
7094526381
7206394185
7496528031
7540932816
7603215894
7693125048
7162305984
7458120693
7980163524
7245680193
7513049628
7693512408
7642853109
7653984210
7365108924
7856401932
7493618052
7325809146
7830659214
7251689403
7156042389
7149235608
7516384290
7083496521
7481956302
7148963205
7082536194
7356921084
7120895643
7523190864
7496530812
7651023849
7684593201
7169302548
7198562340
7068542319
7561843902
7261084953
7143985026
7209536148
7063842519
7816503942
7163908245
7489526130
7961843520
7348061592
7528913604
7149830526
7659843021
7584106329
7631802495
7692304581
7630159284
7493126508
7032895164
7253160489
7029486531
7042698315
7439105268
7140398526
7103568492
7451268093
7453801269
7052916834
7930185246
7813956402
7289365401
7652418309
7892150463
7324089156
7219058346
7846039125
7863290154
7864210359
7851402639
7592468103
7904238165
7361429085
7065428193
7851423690
7421938506
7281459063
7259180436
7529031486
7592036418
7519234086
7953648120
7149528036
7046839152
7950168342
7105438962
7613208549
7451283609
7106459823
7385426901
7428195063
7524893016
7804563921
7093461825
7253061894
7359860412
7259061834
7683105492
7014536298
7310964852
7265031984
7891456023
7839016425
7905413682
7950381426
7923514680
7854126930
7082169534
7640129358
7502893614
7654310298
7269450813
7652018439
7516943802
7245081639
7934518260
7328914605
7982051643
7250416398
7948250631
7905248361
7429310586
7918306254
7649520138
7068345129
7395420186
7193256408
7812459306
7986341250
7859346021
7864130952
7831205469
7480512369
7513029864
7642983105
7206138459
7205638419
7036815492
7194360825
7205136948
7264805193
7261504398
7924510386
7146083295
7514290683
7156892034
7085394162
7534901862
7863014925
7364509821
7631042985
7913524608
7028194563
7260589314
7591064823
7862305914
7215930468
7419608532
7648593021
7082531694
7108694352
7028965413
7842613059
7361928405
7098342165
7038652914
7158039624
7425806319
7359182406
7981306524
7138946250
7453219860
7018542639
7068413529
7264930518
7529061438
7826415309
7502193486
7315206948
7298106435
7918053264
7649081352
7492860135
7594026183
7915468203
7618904235
7536812940
7631480259
7145862093
7534928016
7982631504
7183592604
7596241830
7951028634
7531480692
7125683094
7249351806
7392865104
7830459216
7132584690
7618250493
7854601293
7019358624
7415062839
7392105846
7064318592
7891564203
7034851296
7451638029
7102845639
7029368145
7305416892
7954320618
7312980465
7683092514
7129380654
7618390254
7809236541
7349560128
7042935186
7103589624
7269053184
7950462183
7021586943
7829154360
7629513048
7604132589
7284910653
7405813926
7841290635
7134520689
7263598410
7864913025
7361284905
7916805243
7961325084
7526830419
7659208413
7849523601
7230486915
7412806539
7948051632
7960435218
7429581630
7821496503
7812590463
7143809625
7435120869
7853690214
7269453180
7546098231
7502498631
7945120863
7862534109
7851402396
7368240591
7524160389
7583061492
7421830695
7943601285
7145086293
7310589264
7345018269
7298013465
7026149538
7592314608
7826093451
7349610825
7805624913
7081635942
7136528940
7983245601
7628401953
7698035241
7893421650
7463925108
7409265831
7635890214
7514690283
7204693518
7821539064
7026985143
7645392018
7591468230
7328406195
7923106845
7504982631
7216045398
7356804912
7946205831
7485620931
7948136205
7403295618
7413268509
7046915283
7234861590
7689312405
7182954360
7519640382
7264135890
7864012395
7952481036
7392604158
7319465802
7193654820
7432165908
7264059138
7820345916
7938621054
7035921684
7405321698
7610325489
7901643852
7401892653
7164593082
7418253690
7239185406
7086213954
7361925408
7814902356
7346910258
7204659183
7203498156
7194380625
7534089621
7638514290
7458021369
7430519862
7548903162
7142896503
7239501864
7148032695
7685403129
7390615824
7158306429
7843596102
7304562189
7561320489
7850194632
7264180539
7520819643
7185963240
7426318905
7296580134
7823614509
7589416203
7216935840
7948365021
7943258610
7369524018
7592186403
7916023458
7982534061
7592146803
7583129046
7309615824
7146293580
7912046358
7825941360
7561089423
7891524360
7842913560
7294650183
7489501632
7295436081
7052693814
7806529134
7619203845
7124809563
7642039581
7859160432
7245689130
7684152930
7325406981
7243165098
7381465092
7021489563
7458206139
7081623459
7103942586
7814650392
7539682140
7843521096
7036294185
7126895340
7243850916
7521846390
7981463520
7624950138
7863429510
7624859301
7058936214
7185206439
7398561204
7941325680
7532490861
7630192845
7403618295
7165904283
7485931260
7015298634
7295034816
7516483209
7254063891
7538901426
7295136048
7984153062
7890645213
7328501649
7042856913
7415962083
7960153284
7840639215
7895130264
7263014958
7049365812
7501862439
7925630418
7926183504
7190265843
7214598063
7619045382
7425386091
7092516348
7069458213
7592013684
7329641058
7692431085
7460532198
7065298431
7284619530
7291360548
7895012634
7892346105
7214056893
7325891460
7196502438
7903261584
7953416280
7023849651
7895613042
7013485962
7859064321
7214835069
7429065138
7480253961
7903461285
7286310945
7542619830
7309824516
7214853906
7569143082
7612304859
7915483206
7864952130
7965138402
7396541208
7158369420
7346812590
7083491562
7846591230
7905126438
7285014963
7412930865
7390126485
7569480213
7983254160
7163058429
7532801694
7309461528
7891032654
7125364980
7691340582
7364820951
7082193456
7613829450
7921534608
7210438695
7386592410
7160924358
7516248930
7019325684
7539628140
7594061823
7109286345
7193468250
7120489653
7698314250
7509124638
7425318609
7036819524
7852043691
7965230481
7186432095
7230851469
7935210684
7415386290
7536912048
7098631245
7593182064
7901436582
7012354986
7942603851
7162408935
7695132480
7860314295
7380162549
7892341560
7052938641
7523064918
7341850926
7412859630
7385942601
7190843256
7831062954
7238695014
7316294058
7185032496
7236149580
7834156902
7952431608
7621548930
7931402658
7438162095
7269358401
7852460139
7416852093
7549618230
7058936124
7045319682
7609384521
7149560832
7536941082
7963012548
7516239084
7365820419
7053182469
7618503429
7694581302
7394528061
7892150634
7169082453
7412308956
7530689214
7486159032
7902634851
7614398502
7493062158
7823065914
7580364129
7215683904
7826139405
7096512384
7195362408
7186320495
7389652014
7346521980
7926058341
7580924361
7840352196
7950863214
7652803194
7920416835
7482935106
7045186239
7935842061
7841523096
7908326415
7932561804
7025968134
7645103892
7193680524
7563409812
7265189034
7280954631
7465823190
7083916542
7594320618
7258169340
7981256034
7049526813
7439215068
7830425916
7609485123
7163829405
7942386051
7608493152
7590863214
7429568130
7865920431
7026198534
7013498256
7419526830
7260315849
7854210639
7342015689
7805136429
7189342650
7902415368
7602815394
7481206935
7429851063
7549613280
7014628593
7693245108
7139065824
7213684590
7394802516
7021964835
7304869152
7481653290
7218359640
7308942165
7580346921
7364280159
7316259804
7358421960
7143659082
7480291356
7268403159
7543620198
7816592403
7105468923
7683259104
7824350961
7531894062
7219605834
7021583469
7138065429
7431562098
7681954023
7302691584
7503928146
7649830125
7912384056
7806192453
7318526940
7183624509
7548029613
7145629380
7806451923
7423068195
7438965012
7130926854
7284901653
7102986543
7064318592
7640829135
7148506239
7086412935
7964018352
7638140529
7824561903
7320518469
7538601429
7394128056
7640198532
7269831405
7842530691
7415023689
7465321908
7964208531
7420591836
7216905843
7504392168
7610245938
7283046195
7843156092
7495280613
7016392845
7149608235
7614890352
7145920836
7281530946
7841629053
7541892360
7852410693
7526190483
7485102936
7840259316
7296184530
7685302941
7849023651
7126549380
7298610534
7861254390
7486392510
7259130846
7180965423
7619284053
7650149328
7521034896
7569483201
7620148539
7913580426
7625038194
7453816290
7803254691
7903864521
7569310824
7402165938
7503946821
7381964520
7804259631
7056982134
7195836042
7130652948
7291058643
7042983516
7359160428
7506928431
7039652148
7981345062
7854602931
7485391620
7128639450
7982315460
7935260418
7402593618
7835204691
7186024593
7193852640
7054691238
7684315920
7639850412
7062359814
7853912640
7206981543
7459861230
7314286095
7845103629
7829043615
7582164390
7231096845
7013528496
7854639012
7836059421
7250146389
7840392156
7196834520
7812954306
7896150243
7360185924
7351624908
7685429031
7389510246
7956420138
7095614832
7504832961
7680215349
7690512438
7259041683
7691283540
7024915386
7061483592
7905163248
7682035941
7342085169
7832951640
7904632581
7263508149
7918564032
7184926053
7906125384
7564193280
7392145086
7190348256
7825134069
7149853260
7608432951
7561092834
7485230169
7403289516
7918250634
7268194053
7205948631
7648309251
7452386901
7691203548
7394150682
7938150642
7960248513
7608329541
7938642105
7014985632
7013846259
7602941853
7069312485
7692831405
7548093216
7648153920
7951360482
7934016825
7065249183
7420536819
7683201594
7461305928
7983062541
7940365281
7580426391
7853029461
7640319258
7439602851
7853120946
7430592618
7325980416
7641935280
7695310284
7806514293
7189056342
7683401529
7829435106
7456809231
7829153046
7208546391
7426890153
7306912854
7609841532
7354016982
7961052438
7312548906
7319045862
7124059683
7608423951
7451983602
7946350182
7125698403
7904831652
7206814395
7061342958
7261045398
7693582410
7034186529
7405863219
7209561438
7156943802
7241938650
7094362518
7104283569
7452163809
7450639128
7058946132
7832640591
7104568923
7859043612
7385926410
7429106538
7630984521
7612509483
7149083652
7893125046
7059843612
7413586092
7819645230
7103426958
7362590481
7286534190
7269804531
7251096348
7063129845
7361985042
7450398216
7389624510
7823951604
7416890352
7496018352
7150283964
7094628531
7512034968
7108935642
7803614592
7089613524
7430928561
7456913280
7018645293
7130642958
7019483652
7015864293
7589360142
7239046185
7429310856
7059428136
7138495260
7018354692
7960285341
7923816054
7019483652
7605293841
7904123865
7905182346
7831425096
7941583260
7215403896
7568432109
7461920358
7653812049
7032419658
7859360124
7960412853
7126845903
7981356204
7542198063
7208361594
7541902836
7950284361
7059843162
7861394205
7659824130
7965103284
7945082316
7961402583
7356140298
7293854016
7982564013
7089652134
7069132854
7385406921
7603281549
7658340912
7968120543
7491803265
7019684352
7419683052
7019436528
7184620359
7254693081
7315968240
7548931260
7314962850
7345829016
7102896453
7936184205
7082164359
7510382649
7460325189
7328906154
7495183026
7360281459
7065218394
7590183426
7365281409
7359064128
7521806394
7609458312
7394125068
7652093814
7214568390
7841609253
7409635281
7863951042
7450286391
7430618592
7064351298
7542980613
7436291805
7194062385
7465902813
7354698210
7563812490
7204916538
7045932681
7426319850
7208451936
7126390584
7541982630
7025861394
7408169532
7816043592
7396254810
7084912563
7831056429
7953218460
7209814653
7531869420
7049132586
7238590641
7024839651
7312560894
7034918625
7506381294
7903248156
7921850436
7219508346
7582439106
7820346159
7024358619
7591684203
7956381024
7492586301
7129340658
7839621405
7312089645
7861425039
7561283049
7204639815
7405893621
7605231948
7680591243
7498325610
7452093681
7258369401
7068935124
7850624193
7419580263
7426803591
7105349286
7039284651
7918324605
7320146895
7851409236
7309465128
7593210846
7089462513
7306254918
7154068293
7215860493
7569312840
7124069835
7304651289
7986021435
7423610958
7415208396
7240591863
7395841260
7354680192
7189564320
7932415860
7824650193
7594163082
7042859631
7138629504
7542186093
7032568149
7238069415
7168942530
7362509481
7615923480
7248350916
7106982354
7908251634
7532649801
7290581436
7649813052
7045396281
7641823509
7508269143
7610284395
7340952186
7459361208
7394506812
7098314256
7065812394
7315862904
7165920348
7160893425
7841350269
7415906832
7093516284
7693418502
7435902618
7894153206
7329015468
7695384021
7438162059
7135689240
7305184692
7213485609
7904325618
7430189652
7480635921
7891260354
7193658204
7658943201
7495380216
7389041562
7916803425
7054612983
7831069452
7318942506
7139540628
7926845130
7285904316
7021469835
7512039684
7392815604
7035216849
7316529408
7420153896
7695124830
7451239608
7489612503
7965423810
7129305486
7248560319
7854601329
7369214058
7096813245
7846253019
7923584106
7049283516
7309126584
7269430518
7215689043
7615824930
7951482603
7521689340
7946205318
7391526840
7901236845
7659238041
7316820495
7256413809
7136580429
7850423961
7325048196
7432086195
7516329408
7451302869
7954368120
7243650918
7604395218
7961025348
7215309846
7312640895
7312409658
7032154986
7310562984
7263184950
7841356029
7305942861
7263058914
7036895142
7063948152
7438562190
7249036581
7390814562
7506438192
7168235094
7623501489
7946125830
7134589206
7429318506
7834295160
7201495836
7819032465
7894125360
7491826530
7362041958
7651903482
7039825164
7321906548
7502836419
7904631852
7842530169
7896234015
7406352981
7361908425
7024618359
7814396205
7169485032
7521496803
7169234580
7461520389
7139842056
7019835246
7052861493
7859021634
7458932016
7954286130
7216840935
7928453160
7834092156
7659438201
7859263140
7625491830
7391258046
7548096321
7143085926
7680429315
7934152608
7651309482
7216458039
7948156320
7824615093
7243158690
7523640198
7421096583
7361540928
7609214538
7095126834
7305684192
7569028431
7352098614
7026138954
7819256034
7294135086
7125496803
7198362540
7153042698
7034512869
7864513920
7129508346
7938514602
7485620139
7398146250
7198563204
7163840259
7524690138
7358491062
7584609213
7068491235
7982510346
7319608425
7604982315
7641890235
7986132540
7619208354
7609341258
7930165824
7316890542
7032596184
7291053648
7902534681
7835640912
7906453218
7185602394
7965012843
7390514682
7603125849
7093546218
7913025648
7934521608
7128396405
7851923640
7591248063
7431952860
7015362948
7914386250
7420653891
7641290385
7805912436
7396452180
7312964508
7159328406
7419623580
7983120564
7246105398
7305428619
7930451286
7103692548
7806231945
7135840692
7483592061
7458169023
7259013846
7139526840
7091485362
7285013964
7815906342
7056981432
7459263810
7019654823
7326405891
7596043128
7349160582
7406821395
7265908413
7016432598
7680592143
7491632058
7382164095
7584236190
7583124906
7983150264
7549382160
7904328165
7516098324
7850269413
7456380129
7128069534
7906432581
7241895360
7508236194
7908362514
7542960183
7154832609
7913205468
7364509812
7351628490
7054916823
7095834261
7896240153
7641023895
7605841329
7834692501
7402186935
7264931508
7534629018
7159460238
7541032698
7134206598
7164830592
7095314682
7042156983
7326591804
7368210945
7192038546
7968235104
7509136248
7103549628
7146038952
7812643509
7982543601
7159683042
7052138694
7845216309
7456903182
7982346150
7129546830
7612835490
7503289146
7584902613
7953812604
7312064859
7154098632
7682104953
7861593420
7614590328
7219085436
7089541362
7394152068
7542081369
7834065921
7083641592
7140653829
7015462893
7256398041
7154320869
7853012694
7530694128
7683924501
7248635901
7306915428
7462850913
7463125890
7385109246
7950486312
7013584269
7692354810
7906852143
7431259860
7089514362
7146985302
7932816405
7136248509
7120569384
7568042391
7691035482
7301958246
7281906435
7416290835
7365982140
7654128903
7469528310
7401289635
7690854213
7146529038
7940862315
7612085934
7964123850
7354612980
7480251693
7640592813
7052149836
7692504813
7169834250
7936582014
7618429530
7385902164
7043856129
7829036451
7268539140
7215306489
7894256310
7948036251
7510289643
7302589461
7981420563
7284069513
7691053248
7986415230
7329450186
7265481039
7630248195
7924305186
7820653149
7450618239
7642518903
7234160598
7049821365
7894152630
7610524398
7281453609
7241598306
7052169843
7426839510
7324861950
7653028194
7213089456
7105428369
7916284350
7043618925
7960423851
7206418935
7489502631
7350912648
7256109438
7439152086
7960431258
7649013582
7362508194
7496185032
7813409526
7263948105
7358246910
7140983562
7109384652
7180549326
7032596184
7169348025
7034856921
7269530841
7291658430
7821396540
7950468231
7089654132
7406859321
7930548621
7938524601
7156934208
7839204615
7249816350
7403561298
7094831526
7510394682
7125940683
7965431208
7854130692
7843256019
7154368092
7564912803
7802413695
7135268490
7983026415
7891420635
7609521438
7345182906
7253948106
7340869521
7564283910
7405823196
7015362894
7126583904
7314065892
7862349015
7432865109
7180943625
7295803461
7634015829
7081965324
7260145389
7324519068
7015489623
7984156203
7483265019
7496053812
7308452196
7523048196
7640925318
7683491520
7084635192
7329086514
7036281495
7180642953
7183694502
7628095314
7683124059
7269034581
7432580916
7829106354
7925803164
7041536298
7904861253
7945260318
7250139648
7269418503
7409635812
7021683594
7628351094
7951640238
7634815290
7146852390
7924085136
7103426895
7029438651
7389264105
7260413985
7214093586
7063815492
7031984562
7136429085
7965421830
7609381542
7812360954
7319468520
7248135690
7680539214
7981546320
7203419685
7418395260
7601258394
7653940821
7520413698
7951623084
7025183694
7439215860
7918642503
7092358164
7198302564
7104658932
7695021438
7218649053
7409231586
7432985061
7248305961
7824510963
7359821460
7968210534
7891542036
7680423519
7839450162
7039128465
7014865239
7642530891
7342680519
7630495281
7106253498
7460218539
7639180524
7095821634
7893512406
7086394215
7508239461
7351280469
7238491506
7562148309
7832946051
7403291865
7196405328
7459261803
7013259846
7356109248
7453210698
7935024168
7835492160
7643012958
7635284091
7569231840
7830125496
7481296530
7356829410
7821569430
7254036189
7906852314
7023549186
7189236045
7084912365
7968043512
7850162439
7951306482
7196235408
7150483962
7985120364
7395420861
7105963824
7698052134
7251063849
7241063859
7659230814
7362849015
7839451602
7195068432
7138405296
7952086341
7035681942
7259860143
7246130589
7098143265
7820913465
7230685941
7925106384
7245360198
7169802435
7463012958
7259083146
7253914806
7689205134
7542630918
7406813259
7043296851
7295613084
7058219436
7283410659
7502163894
7481095326
7365240198
7850613492
7659324180
7019864532
7453806921
7290614583
7635840291
7692805143
7592604381
7612953804
7154238960
7941830652
7680921534
7685903214
7380594621
7308652491
7205863419
7910426583
7423605981
7413825690
7085923614
7891350246
7569180432
7912038564
7908213645
7902456381
7104328569
7651324809
7916532480
7960812354
7508246139
7249586130
7943106582
7236095841
7136945208
7940632518
7328650941
7683210954
7398620145
7904821563
7658329041
7325490168
7163285049
7529068314
7159428063
7823496105
7814623509
7513829064
7152639480
7469012853
7120965843
7602413859
7093241568
7584921306
7816530294
7568203419
7946230185
7128304659
7315260984
7536214098
7641235098
7956013428
7403982156
7063148259
7950432816
7120984536
7481325690
7359086124
7419238056
7091326584
7952068431
7509184623
7351409628
7023689145
7450693128
7923815064
7380195426
7138294065
7816523940
7416392580
7145983062
7146398250
7320619458
7095168342
7853462109
7418096352
7125608439
7981206354
7380149265
7412863059
7905632814
7985326410
7812564309
7506423198
7652180934
7391046582
7183425096
7194820365
7409538216
7198230564
7813264950
7854620193
7246038915
7154309826
7309146852
7028694531
7190268345
7605218934
7620893514
7940851362
7638920451
7256419830
7210543689
7215046839
7290613584
7986135042
7293058641
7613850492
7965043182
7253641980
7125834960
7540689321
7163985042
7139248065
7435216089
7631508294
7965438021
7405216983
7438015296
7521498603
7591283640
7326504189
7542806931
7064859123
7698045213
7098213456
7368295140
7852419036
7985160423
7835260419
7652830491
7410265893
7658302149
7261403589
7309285146
7863104295
7951304682
7609814325
7510382649
7426158930
7256394108
7023956841
7039281654
7405912863
7854316092
7083261549
7496583201
7326549018
7120463958
7036158492
7649125830
7041568293
7204689153
7259631048
7319685240
7890126543
7539842601
7962810354
7345129086
7064298531
7349016528
7261043985
7359802461
7092653148
7492506381
7283150946
7084529316
7963102548
7390584621
7815034926
7325486901
7902346851
7621459038
7482069153
7418902536
7493206518
7239614850
7843906215
7651402983
7958426013
7941852630
7086925134
7630845291
7360152489
7026935184
7283069541
7301854296
7408356129
7456289310
7684391520
7312689540
7023169485
7890436152
7852096413
7386019254
7419826305
7826950134
7916258340
7539016248
7298045136
7235064981
7156043298
7461295308
7498132650
7684390521
7825436091
7248016395
7905431286
7538642190
7486509231
7683920154
7129456308
7865904213
7859240163
7153602984
7684159023
7039528146
7589146320
7025813964
7908315462
7241365809
7814560329
7149035862
7315092486
7465210983
7256841309
7490658123
7689504312
7038594162
7398065241
7935214086
7692483150
7283401695
7856140239
7321854609
7218930564
7682103549
7604389251
7098235614
7208935461
7193286045
7562134098
7195603248
7803952164
7059231648
7683514902
7561943820
7428096513
7412863095
7182564903
7280641935
7584361920
7019423685
7628549310
7260194583
7654289130
7923458061
7219630548
7894235610
7069814532
7360584921
7325190486
7238956410
7901645832
7120456398
7253490861
7284619305
7462093158
7328091465
7381640925
7136290458
7950186324
7204831956
7452198360
7150869432
7023914685
7806953214
7568213490
7329140865
7364982150
7821053496
7142659038
7452918306
7351608924
7895102364
7204356819
7631582940
7148502396
7923581046
7936804215
7614385092
7390124856
7213849065
7835402961
7453216809
7458319206
7901862354
7849163205
7456189230
7846103259
7026948513
7146029538
7158306294
7620189354
7984056312
7658394201
7321489056
7903546812
7485129036
7143586290
7341689205
7296850143
7895324061
7691358420
7364120958
7890516423
7895203641
7169258043
7082619354
7294503861
7920581346
7246853910
7354280691
7309612584
7369145082
7356098412
7835126094
7593024168
7642183095
7152908463
7290153684
7986034251
7318205964
7192308645
7403589162
7324916850
7839501624
7814395602
7569813042
7923165480
7158234609
7654301892
7593180624
7904583621
7263891450
7409821356
7310245869
7214905368
7938524106
7184362950
7968243150
7306518942
7640235891
7845930126
7593124086
7601248593
7614205938
7416398205
7461095832
7261953084
7304269158
7923156840
7891423065
7912504836
7613095248
7259403861
7123608495
7193260845
7806459132
7342619805
7452016893
7125364890
7309684152
7905163482
7694812053
7034915286
7681524309
7832451690
7419352806
7028364195
7420983561
7092835461
7860352491
7951346082
7058269143
7280546193
7829543106
7203158469
7609815243
7253810649
7238915064
7032681594
7345906218
7968325014
7265934801
7352689014
7019532684
7260951438
7845193602
7368051492
7945802163
7198245360
7392451086
7859401236
7609351428
7201684935
7645823091
7425809163
7420135698
7946810532
7143089562
7682194053
7416253908
7689052314
7120836594
7286041359
7395064281
7928604315
7215604983
7194382650
7215603948
7590231846
7516840329
7195430826
7326915804
7486129530
7856912304
7812369054
7250186394
7806492351
7625980413
7938624051
7143582069
7891652430
7506438291
7412906385
7548910632
7196238045
7486129035
7941653280
7521093864
7381054962
7415209836
7340821596
7840362951
7095138462
7031864529
7209485613
7593418602
7830964512
7051932684
7903542681
7016589243
7826094153
7892054631
7450169823
7926081435
7534918206
7514623098
7630189254
7208653941
7840253619
7340269851
7639084512
7142856039
7361542809
7845102639
7943601582
7954021683
7048315296
7204196358
7186954032
7160485923
7642531980
7431529860
7145238609
7315068429
7836412509
7493156802
7312598046
7023641895
7051382694
7459163028
7328059461
7865041329
7351984260
7351924608
7436150928
7208491653
7534169802
7392405186
7853692401
7348529106
7261809543
7204596813
7602589431
7294013856
7105286943
7624095381
7836194052
7645981302
7894635021
7623815904
7452360819
7293645108
7928450613
7230861945
7925468103
7962410583
7548920136
7695143802
7351698024
7695241803
7364089152
7140359286
7695820431
7041825396
7314592806
7423698150
7638140295
7498163025
7563941208
7960543128
7412895603
7081459623
7583904216
7069824531
7492865013
7621940538
7130569284
7403128695
7240518936
7435028196
7423650819
7165208439
7598234061
7014952863
7285134960
7436902158
7028659431
7061345298
7392108465
7029146385
7325609814
7321490856
7906213485
7413580962
7205918436
7348129560
7693201584
7560219348
7539120846
7180234956
7425968310
7401852396
7491286305
7839215604
7861324590
7193026458
7451096283
7196028543
7035164892
7431695280
7035896124
7319048652
7364892105
7423098615
7869402153
7810429563
7608541932
7850429613
7365981042
7834102596
7509613482
7326185904
7680325941
7832094516
7128495630
7351209846
7890356214
7285490361
7435286910
7142869503
7391206458
7250846139
7530281964
7562194083
7608293451
7958310642
7610982534
7820459631
7821063495
7189502346
7365921408
7014856923
7354968021
7648312095
7490158623
7635098412
7815396402
7942610853
7921485630
7598601423
7326051498
7589031642
7129865430
7163890524
7836251049
7689102543
7209346581
7619250438
7183625940
7234806519
7041569823
7213804695
7149603528
7053649821
7584693210
7860319425
7928546013
7842531690
7063954821
7293165480
7183495620
7451368029
7183029654
7519064823
7064852193
7358120649
7308194256
7860549321
7085924361
7048931256
7345269180
7480539162
7013952468
7045182693
7980652341
7059263148
7931062548
7281459603
7932184560
7053864129
7806231594
7986341025
7539206814
7509183462
7638520914
7216348059
7860143925
7264083195
7041682593
7964830152
7890324561
7198536420
7853049216
7509286341
7612538409
7523049681
7580923641
7256819304
7948352016
7896052341
7652938140
7915024386
7062159384
7420916853
7640853219
7490621538
7531984062
7836092145
7259031864
7531842096
7429035186
7589063421
7183956420
7026183549
7158206943
7682054193
7189620453
7569320418
7812059463
7462951308
7369152048
7483516092
7452139068
7123406958
7802354691
7543681092
7841529306
7019583642
7183204956
7041592836
7831642590
7415096382
7190265834
7152860943
7182934650
7325108469
7168935024
7920813546
7904632851
7206913845
7534908261
7235610498
7085932164
7356402189
7102658439
7130652498
7512930846
7463851029
7193804625
7624108953
7354960182
7846953021
7416528930
7950218463
7842356091
7023658149
7953264180
7451302698
7083642195
7126834950
7032156948
7125346890
7125039648
7512406938
7159832064
7512304986
7204695813
7320548169
7304298615
7123905648
7940358261
7325910468
7520194863
7096521438
7184209536
7629305418
7045869132
7651802349
7261049538
7602194358
7620954813
7265483091
7306254981
7690821354
7498053216
7563902841
7694823105
7645129803
7018962534
7184923506
7394162085
7935410286
7428630195
7026183945
7035261849
7240395168
7085439621
7094236815
7294806351
7513069284
7938215604
7195863402
7801692543
7963128504
7312648905
7810542963
7280519643
7168592043
7852394610
7190846532
7926081435
7830451926
7324508169
7263850914
7561902438
7043682519
7581439260
7804593126
7693851420
7489126053
7280916435
7319062584
7510432896
7164389520
7645210938
7520346198
7493612850
7640983125
7928506413
7405269831
7392458061
7034165289
7659482031
7915263408
7596132408
7952468103
7089165342
7569132048
7953081426
7928364150
7843250916
7358219064
7965280431
7214036598
7852490316
7951426830
7096315842
7416529830
7528460139
7864951320
7359012846
7839456021
7903452681
7962185403
7594362810
7813462590
7465802319
7046983152
7548263901
7891235640
7294583160
7642390851
7936842150
7435082961
7243806591
7924081356
7912658340
7198640253
7481362509
7925846031
7680512439
7234865901
7468109532
7830461295
7615820439
7564801923
7832659104
7093526481
7308965142
7134825960
7135062489
7562980431
7358412069
7645210983
7541086932
7425689310
7285901463
7326015894
7192540863
7046593812
7906138245
7139628540
7953408126
7035186942
7658392140
7439081265
7829560134
7205413689
7831062495
7698541302
7083264195
7849316502
7596123408
7563901284
7459820163
7580439162
7581639402
7810463295
7480593216
7964152380
7598061342
7352089461
7520389641
7861450293
7516382940
7983506241
7680915432
7816943052
7539821604
7961842305
7198645320
7963241850
7139025846
7580291634
7849651023
7421305896
7526839104
7169532804
7914258360
7102539684
7018953426
7812436590
7128930465
7436902581
7348509612
7123548096
7614023958
7690418523
7293815604
7140652983
7653089124
7680431259
7108653942
7862403591
7651839402
7951834026
7531429806
7896052341
7908645213
7912084536
7409253186
7254639180
7469021835
7451083962
7692805314
7145896032
7450612839
7186459320
7290835164
7132698054
7985136420
7841560392
7251634098
7190358246
7016392485
7480631529
7059381624
7518642390
7206431985
7018462539
7015293684
7148529063
7930841652
7982145603
7329481605
7012953846
7968234105
7312048659
7594320618
7102689543
7086593214
7394218605
7965148203
7053612948
7031659824
7839425061
7508641329
7946281503
7605342198
7230548961
7064381529
7093826145
7584932610
7615803294
7865102934
7681502349
7396250814
7169845023
7943608251
7612349508
7681932405
7940581263
7538640219
7912608345
7395210846
7105836249
7914263058
7263419508
7508294613
7840652931
7014682593
7183609542
7246910835
7349862501
7629045381
7621843509
7610295384
7194206358
7205139648
7846951302
7209851346
7359108264
7125684903
7368459120
7526980134
7516280493
7360142985
7250349681
7963245810
7835912460
7465830219
7693548201
7054128396
7925063148
7865091342
7564289103
7510648392
7614089325
7451096823
7043526819
7140826935
7095831246
7682301945
7210658943
7041825396
7348910562
7860534219
7956104832
7435892610
7945230681
7685401293
7358490261
7541286309
7186035249
7491658023
7982563041
7469081235
7591836042
7314652908
7534920861
7318290456
7403156928
7315246089
7801469523
7231096458
7045269813
7915823604
7638519402
7491850326
7961543082
7342150986
7836915204
7846250319
7249150368
7836019452
7981562403
7962053814
7425036819
7604598231
7824350691
7358612094
7409168532
7853129640
7623189045
7123908546
7290853416
7653820941
7215406398
7504968321
7932405618
7059231864
7184920635
7635194820
7056432189
7968251304
7513428960
7091824563
7051628349
7251986043
7359241068
7201645398
7312594680
7032596481
7903256481
7041536298
7296503841
7491238560
7502684139
7136980425
7410982356
7549823016
7162345098
7496052381
7853406129
7264513980
7215960438
7851624093
7139605482
7129608435
7634095281
7281590463
7130826549
7416903852
7321506948
7931024568
7349501862
7849362150
7350482169
7512603498
7082169543
7392841560
7905384126
7213459068
7692185430
7459036821
7568043912
7805314296
7826159304
7940218356
7085234961
7465193028
7524901836
7805316249
7285943061
7836094251
7356921048
7216580493
7132468590
7015396284
7642803951
7054382619
7046158293
7132409658
7426058391
7431569280
7129683405
7869253104
7128590346
7506183249
7356914802
7150396824
7468015239
7835642901
7824539061
7102349568
7829645310
7281906354
7425068391
7698305421
7891603245
7159643802
7145982360
7603128549
7368410295
7218359460
7453218690
7910642358
7831546920
7458061932
7194836502
7215869430
7098135642
7035621894
7269501348
7062398415
7013925684
7104628395
7025689143
7543182960
7951823046
7560941328
7345298610
7459326018
7382950461
7058246139
7301258469
7059618423
7903218456
7896043152
7351692804
7129650348
7385602149
7206534819
7103658294
7941258360
7341092685
7316582940
7465201398
7931260584
7362409581
7042815693
7183250946
7120963584
7531842690
7942386501
7658942130
7254361089
7428691053
7651842903
7920341685
7203586491
7306591824
7653209148
7019358642
7921046835
7458120639
7942156803
7430219586
7185934260
7294358610
7215460893
7129854630
7014832965
7386152940
7120396485
7863204195
7459021638
7925830416
7908462315
7054683921
7604132985
7358261940
7618459032
7954860213
7801653429
7598041326
7640285139
7815942603
7062148935
7253894106
7439210658
7453182069
7854136920
7132590486
7258164039
7658319042
7654390821
7032149865
7620345819
7865204391
7804235619
7462395081
7184390562
7652419380
7392056418
7925361084
7280416593
7905641382
7423910658
7512604389
7312984650
7862914503
7394518206
7239806145
7890623541
7643815290
7954012368
7418093652
7450198326
7942016358
7351026498
7184920365
7423160598
7491263580
7685142309
7856431920
7620438591
7596842103
7851943260
7895412306
7409538126
7129034856
7418392650
7218304596
7965804213
7283951460
7485231096
7821694530
7490523168
7826435091
7845619203
7129863405
7642053189
7510498623
7592036184
7810462593
7250849316
7425690318
7386519042
7140968532
7459263810
7034982615
7520813694
7092618453
7835641209
7803219456
7658209341
7641395820
7324089156
7015248693
7428619053
7049682153
7016492358
7105894263
7910364825
7509846213
7301628954
7980142536
7068341592
7819452036
7258634091
7031968524
7908154632
7362580914
7285430691
7390512468
7856019432
7240156398
7865329104
7982650143
7803249615
7025841369
7025839146
7584123906
7824953061
7563214980
7531620849
7061582943
7894516302
7135049862
7436290815
7902614385
7852143609
7103895462
7815036924
7318295406
7569018423
7823104695
7963214085
7928316450
7182563094
7368925041
7138502649
7539682041
7520164398
7905231684
7196340582
7248651903
7542360189
7603419528
7923054186
7284953601
7549016283
7523610984
7091438625
7810624953
7528310649
7439086125
7842639015
7904153682
7302189654
7849206513
7986524031
7840361925
7910532864
7320854961
7341526809
7054198263
7120934856
7465982310
7068135492
7463518290
7451986032
7032561489
7240396581
7019542863
7826549301
7240851396
7965432018
7193628540
7502936841
7294865013
7204983561
7658193204
7310528964
7981065423
7430198526
7026834591
7630924185
7854120693
7612058394
7813062954
7350469128
7308194526
7850312649
7063982451
7209365814
7956421083
7968405132
7685943120
7105934682
7983246015
7913568204
7438156209
7659123840
7215043968
7956803214
7980214563
7851634092
7605914832
7385294160
7312659480
7369485120
7021543869
7840652391
7126803594
7593102864
7453210689
7961405283
7065481923
7859201436
7235690841
7265394108
7801264539
7918432065
7450639821
7829560143
7462935108
7960125348
7629801345
7026439581
7921608435
7853690214
7925840316
7348056192
7843251960
7058326941
7235409681
7694035218
7153806429
7189046352
7394652801
7041265893
7306429518
7160943852
7184693025
7038219564
7084256319
7045198362
7280653914
7906428531
7210956843
7530896241
7804651329
7428613590
7984265013
7803295146
7214598306
7234059618
7413680259
7641985203
7126534908
7054832691
7345062198
7829153460
7251948360
7251086943
7362491580
7396584201
7682431590
7643215908
7610238945
7152806349
7502481396
7462019583
7129435086
7306154982
7320146589
7859140263
7618435290
7592810436
7945310826
7169502483
7108692543
7290651348
7043985612
7205316894
7681934502
7906341258
7510263489
7928416350
7984613052
7451260938
7146523089
7134692805
7418923605
7681352094
7360912485
7069214853
7951028346
7064329581
7869342015
7518420693
7213594680
7283450169
7324519806
7394156820
7524310869
7635421809
7156294308
7149230856
7198463052
7049612853
7923056481
7864109325
7195864302
7190638245
7245138960
7106835924
7658293401
7152034698
7320184956
7293601854
7245813960
7156930428
7159204683
7308492561
7983026451
7391580264
7485620931
7584139026
7564819320
7145608932
7539421806
7801536492
7158063942
7863452901
7264351980
7206435891
7152643089
7142350869
7950261843
7326190548
7431698520
7643829015
7513960428
7023481569
7084159623
7483205619
7530862491
7146359802
7095816432
7803642915
7534621980
7145209368
7856413092
7234015689
7146098532
7158963240
7436215809
7968025314
7542306819
7580439216
7490813265
7168305924
7019865234
7506943281
7148269350
7431896520
7105643982
7154268903
7480195236
7541692803
7104695832
7423569801
7413206895
7219845306
7893425610
7104356982
7263940851
7904568321
7156984320
7132409865
7458912063
7219086345
7964352081
7568192403
7932145680
7036918254
7280539641
7284650193
7869015423
7435082691
7983025164
7531960284
7351642890
7203986451
7814532906
7429635810
7893015426
7489260315
7598304162
7152609834
7461085392
7062843915
7259314806
7152869430
7510386942
7623480159
7905184623
7316082495
7536281904
7023451968
7869435102
7324690581
7024856193
7861394520
7862945103
7986253104
7360819524
7314268905
7610928543
7015692483
7093645218
7692340815
7623418095
7815964203
7430185926
7623418509
7392681504
7594608312
7243581096
7840295613
7301942586
7698425103
7163849502
7948150236
7014932586
7031582694
7431582906
7102854963
7608359142
7561438209
7081942635
7501346298
7026841593
7604153298
7912086543
7096342815
7814962305
7510482396
7510963248
7532091846
7420389561
7802561934
7402861593
7492350861
7059213846
7963450218
7643925018
7264895013
7296401583
7180592364
7531968240
7054136928
7946203158
7092385461
7183062459
7823459610
7940185236
7985231604
7981240635
7065923148
7925816304
7984501362
7634102895
7896215304
7391685240
7386412905
7063194285
7321869054
7842910536
7085163924
7236591804
7964358021
7385429160
7539018426
7584139620
7504623891
7291430568
7806392145
7896134052
7413025896
7851906432
7036415298
7280496531
7021936458
7241605398
7146538029
7583294610
7083614259
7986203451
7865032914
7241635908
7032145689
7402659138
7584932106
7632154098
7269035841
7512306948
7362894051
7186294305
7643918520
7564109382
7503492681
7169340258
7348250961
7841035962
7934601582
7059843621
7319604825
7421605398
7815926340
7021938546
7590384612
7820396514
7486123059
7861345209
7046593812
7560938142
7460259831
7452603918
7256389140
7186324095
7890463215
7832604159
7256314098
7429365810
7083169425
7635092481
7136294085
7823149506
7065314892
7183290546
7924180536
7804631259
7869510423
7894635102
7351406982
7430695128
7605894132
7102486953
7630248591
7219834650
7415062398
7048521639
7452016938
7102634859
7350864129
7804315692
7192463850
7958634012
7458903621
7265380419
7581046293
7396425081
7604315928
7325860194
7491068253
7419536820
7193206548
7863145920
7654128390
7839150246
7914056832
7950138624
7689124053
7284619053
7043658912
7451328960
7105234896
7398045621
7153684209
7306194285
7829350641
7146809523
7846132905
7564892103
7856903412
7084691532
7213469058
7289564031
7140523986
7423568109
7641253890
7910382645
7948150326
7904523186
7208396154
7053649281
7650984213
7329614508
7386520194
7568091243
7942085316
7295610438
7068192354
7146820593
7284036195
7109465328
7513296804
7598610342
7159638420
7194086253
7936421580
7928016453
7624831905
7816245039
7429350816
7893164025
7058916243
7083462951
7804631592
7419580362
7148506392
7580346192
7620481395
7498302615
7265093481
7456219038
7081926435
7802615439
7432156980
7248360951
7053421896
7348596210
7893621504
7834910562
7561208943
7519863240
7629435180
7839601452
7056398124
7689231405
7259160348
7965130248
7902485361
7493528106
7245930186
7306485291
7164059238
7235049861
7239058416
7941620583
7528691403
7014865239
7620948135
7608493215
7130896542
7502386491
7015249638
7298104365
7028369451
7925431680
7861345920
7534089216
7934801526
7504683291
7245103986
7485631920
7348591026
7158394062
7351469280
7493026815
7956031824
7825149360
7095142386
7296518043
7359012486
7451860293
7369584120
7319048265
7425013986
7962014385
7298640531
7360829541
7962184350
7024315986
7152460938
7948516230
7925810463
7843926105
7241089356
7354982610
7614350982
7139456280
7148025963
7960215348
7294806153
7309854162
7891364052
7962510843
7219568034
7352089416
7691853240
7129405836
7315024896
7935421068
7689203541
7392148650
7394012865
7296158430
7138094625
7369542180
7591368024
7985210634
7043256189
7530648921
7618459230
7614953280
7139625840
7356429018
7892043516
7948120536
7946218053
7024185369
7082541936
7524096138
7296584103
7413250896
7206951483
7965183204
7604823915
7068954123
7084193562
7341860295
7892654130
7651843902
7496531802
7491302865
7984053162
7625948301
7890534261
7391054268
7912506834
7102689534
7681354092
7486913025
7392048651
7382469015
7549218306
7960281435
7263109458
7601438952
7240391586
7463921058
7982361540
7630415298
7804296513
7108362549
7430598162
7258364109
7591084236
7654390182
7489326150
7689321045
7958603241
7165302984
7068512943
7189324056
7485630192
7190852364
7350219468
7083421956
7098354216
7821369045
7095863412
7821390546
7261538904
7289601543
7498351062
7314892056
7125490683
7350612948
7392614058
7956208143
7829053614
7354286910
7136854029
7540289163
7163298504
7139206854
7216854039
7940513826
7968103524
7246501893
7425306981
7025691483
7483061259
7923586401
7514983026
7016523489
7026391485
7850216943
7402519836
7268940153
7156209438
7831459602
7054832196
7852096431
7350184296
7102953684
7234605189
7631024985
7452069138
7680529134
7962145803
7905142836
7548029163
7098531426
7293468015
7150392864
7230951684
7021534689
7942501863
7645930218
7582194306
7902386415
7395160824
7841952630
7642503981
7502698314
7085641293
7184569203
7592168304
7038952614
7261308594
7431985620
7835962104
7025193468
7918502364
7610359284
7810965243
7263518049
7432695018
7695128034
7183624590
7452830196
7256893104
7531842690
7840952613
7134862059
7562389104
7509382461
7406893251
7243180569
7506924831
7251609384
7806925134
7416892350
7356842091
7486951203
7524391806
7230945816
7315698420
7029635184
7954613082
7392145086
7305182946
7349528610
7396085421
7085236941
7504261839
7980162354
7402836915
7901386245
7549681032
7413506928
7106923458
7820439561
7813926045
7980634512
7489021635
7562481093
7059681423
7095386421
7294381650
7480926513
7542609138
7420318569
7534068219
7684951230
7513802469
7950461328
7026395184
7318094652
7136025894
7680915432
7140358629
7524186093
7952403681
7360298451
7284063915
7851094263
7865310294
7863492105
7910452863
7349168205
7524630198
7814953602
7234986150
7549318260
7143685902
7419605283
7860935124
7386904521
7621950438
7052896143
7326481059
7294508361
7209186534
7261594038
7904132685
7410536928
7492605381
7846091532
7261539048
7249635081
7256018439
7489312506
7940165238
7201596438
7120589364
7318092546
7814506392
7680219354
7236584019
7693420581
7219543068
7018695423
7192630485
7062839415
7169408235
7259140368
7059361284
7462893501
7689341250
7483592106
7418906253
7163295804
7015634298
7614392508
7139508426
7096251384
7529864301
7084653291
7369420581
7603128459
7340615298
7865014923
7164059823
7395201684
7426351908
7412508369
7354019286
7162903458
7839510246
7016938254
7804615293
7208615493
7068345219
7409825136
7825163940
7840539126
7621309548
7508491236
7198630542
7034289615
7409325186
7140562839
7658012394
7358196240
7015239486
7214596038
7803419526
7954306821
7169385204
7325409618
7356824190
7629514380
7958120634
7586149230
7905628314
7593612408
7304196852
7194235680
7609423185
7453210968
7085961423
7094365218
7098641325
7506942831
7092381645
7156348092
7316958024
7852693410
7341250896
7589214603
7862310954
7930482561
7125638094
7465102983
7294510386
7034281659
7819365042
7293016548
7438021695
7491583062
7805493216
7680921354
7123508964
7013498265
7923156048
7896451230
7819602543
7513824096
7396524108
7534201896
7830216954
7091256483
7429816350
7356829140
7145380692
7083561294
7143582960
7504698321
7935681240
7604985321
7310645928
7946350821
7243610958
7964835102
7312865904
7542316908
7296348510
7016425983
7416352908
7392165084
7649532081
7802153469
7318209564
7082496153
7310692548
7140836925
7981234650
7136029548
7864195302
7243105896
7196280543
7135098642
7346985201
7495180326
7152983460
7684539102
7340295861
7620849135
7514028963
7160932854
7832914650
7409681352
7138260495
7419630258
7021395468
7059483261
7368452091
7146890253
7913628405
7623954081
7934258601
7392846051
7180926453
7145362098
7812390456
7185039462
7610592834
7254609183
7482693501
7012435968
7143569082
7645091283
7043815692
7593012846
7609183452
7362108459
7180942536
7249581036
7156430892
7280635149
7123409685
7135468290
7120389645
7498513026
7940635821
7650341298
7850394216
7308962451
7260581943
7436592180
7612903548
7548932061
7216483509
7650493821
7845016932
7614238059
7619240358
7423068159
7358924601
7941036852
7891340625
7852914360
7649012385
7625398041
7430916528
7401952368
7631584290
7234185906
7804613295
7935061482
7534091826
7035182946
7026951843
7340685219
7358142096
7839152604
7036821945
7532968401
7923681045
7296408531
7542309618
7860149235
7958410632
7051293864
7024315896
7601532984
7049352168
7125809463
7521604893
7165843209
7829461305
7401389625
7914865320
7514286039
7386109524
7250849631
7364910582
7156940832
7465193802
7809562134
7289541630
7930412685
7028561943
7104596328
7148593026
7915406328
7032649581
7149803256
7046893152
7903458621
7564908213
7120456893
7439861250
7195804326
7350862194
7514063892
7015648329
7856394210
7059134286
7340189256
7142809563
7832904165
7538610294
7523048691
7890516324
7065821934
7034819526
7369245801
7401985263
7431029568
7416952830
7218359640
7812359460
7521349680
7564391028
7824361905
7591624803
7130265489
7234061985
7298451036
7085216943
7345201896
7801639425
7341592086
7231695480
7286015349
7905138426
7319586402
7620318495
7061234859
7480516932
7165843092
7285390614
7832495106
7384592160
7804931625
7310486259
7960315824
7862543910
7314582096
7265048319
7510284639
7523861904
7936402581
7264895103
7869351420
7608259143
7251683409
7206495318
7903546812
7384106925
7035814269
7354160892
7804362159
7921054386
7329056814
7153208469
7024983615
7536290148
7014238695
7614328905
7681590342
7346152089
7581690432
7943260158
7390512648
7863129405
7405381926
7549801362
7498065321
7153290486
7698530241
7846593012
7962835401
7341968025
7436510928
7480319265
7029483516
7245301698
7451630298
7462518903
7630298154
7903645281
7421380695
7401956823
7593104628
7659823140
7695134280
7139246508
7689402135
7049852136
7842093156
7905412863
7126538049
7549602831
7961432085
7540362918
7804361952
7834691205
7950426831
7182946053
7894062153
7520936148
7086592314
7260319548
7610385942
7632805149
7620851349
7625498310
7541068329
7264915803
7862159043
7914835206
7491280635
7801624359
7620518349
7549032681
7164035829
7569142083
7165349082
7396052481
7683542910
7521086493
7062813495
7254036198
7941325086
7582163409
7036481259
7856124930
7431285906
7283540169
7192384560
7523890641
7658301924
7630519284
7951248036
7549216308
7316259048
7612945803
7981265043
7586349012
7542081396
7216493850
7504398621
7439850126
7018659342
7596841302
7014682539
7654801293
7036591482
7821635940
7293846051
7630214589
7634590128
7402139856
7681592403
7025419863
7084953126
7193486520
7921835604
7219435806
7805413692
7968234501
7354082169
7439128056
7304195286
7809416253
7163409528
7342850916
7496285031
7159460328
7405168923
7025364189
7304196582
7698145023
7234680915
7132596840
7963258014
7692354801
7134892056
7041352968
7215634908
7496235108
7682409351
7023159486
7453629810
7346590182
7652041938
7846195230
7586140293
7206598143
7258401639
7812659430
7935028164
7841903526
7605829413
7041829536
7168094532
7950618234
7384962150
7493568210
7156390824
7834026159
7856231094
7823016459
7984602315
7142956038
7346098521
7450693821
7813024965
7193285046
7128569340
7235896104
7302841965
7406892153
7423961805
7204619583
7980251463
7568234910
7325486091
7201435986
7092546138
7038294615
7460382591
7561928430
7345682901
7815329460
7859620143
7543698102
7496802513
7834012956
7095381264
7196082534
7085269413
7410923685
7529481360
7260184359
7354612809
7634018925
7168405239
7235198406
7932514086
7213804695
7382506149
7312495680
7831690254
7961528403
7204891635
7032849561
7624591380
7450192836
7856320419
7361285490
7863451902
7839024651
7591306824
7531092648
7493058261
7638921540
7286150943
7958216340
7139086524
7432156890
7613294508
7614398250
7902468135
7125430986
7512694803
7381240569
7498526013
7640851392
7981643502
7238146950
7294156038
7196385420
7256108349
7850163249
7034291865
7965124830
7608415932
7350894162
7395246801
7564812390
7621953048
7534102896
7812659304
7812409653
7630148925
7916358402
7614502893
7603182954
7189026453
7125306984
7610524893
7685014392
7916504283
7368402951
7516289034
7194586230
7950368214
7246018935
7402356198
7483920165
7169043582
7194253086
7590681324
7906145328
7239418065
7982635041
7691834250
7485629013
7269143085
7450861923
7436120859
7591862430
7130594826
7490268513
7250136984
7058643219
7583104296
7134960285
7382915064
7364851290
7908536421
7653429801
7852639410
7926051483
7015936284
7314025869
7952031864
7180653429
7028319546
7934562018
7618420359
7683152904
7165489320
7309415286
7581264903
7943560128
7280419653
7539604128
7926105834
7308956421
7802936541
7340918526
7461035829
7248935610
7269153084
7680591234
7236405918
7964023581
7913256840
7130526948
7510286934
7653401982
7106925483
7382610495
7506289413
7451398026
7013694258
7651894302
7358204619
7965048231
7452386091
7965183420
7450926813
7831542069
7809315642
7138694052
7018295436
7681035429
7519208364
7203945168
7692140835
7934528610
7651942803
7549831602
7325608914
7265803149
7421083596
7534820196
7084591632
7895136420
7154296380
7963241580
7083694215
7910543862
7984130562
7809435216
7401823596
7410863295
7385049621
7864391502
7062814935
7960215384
7039285416
7012956843
7125408693
7526804931
7509143826
7241860539
7436059812
7296510438
7361095842
7629318450
7031986254
7491538062
7016825934
7305981246
7596204183
7049126358
7694832150
7539028614
7698540321
7103586429
7816904253
7342680159
7901423658
7491038526
7612493580
7913468205
7064529813
7243869150
7231594680
7980623415
7410538692
7380526941
7190648325
7869204153
7586102943
7645380291
7193425086
7896453210
7325146098
7964832150
7482301965
7592806314
7536018924
7482539061
7298163405
7952043861
7109645382
7086432915
7896134052
7659304218
7536820194
7816509243
7683109524
7015462938
7285631094
7109832546
7536109428
7249356018
7365824019
7420539816
7985146320
7830149652
7652819034
7031568924
7493268015
7423519860
7923415068
7694083215
7862159034
7841905326
7635140982
7921086345
7108653492
7503841296
7286054139
7134026958
7524398016
7925031684
7103684592
7520698143
7408215639
7418309625
7932518406
7402396815
7463981025
7243961085
7019356842
7569821043
7285091643
7926304518
7163298054
7342189506
7896543102
7809634251
7295038614
7896413025
7654318902
7036489125
7286435019
7069815243
7564381029
7619543082
7086951324
7625390814
7348160592
7038469251
7069413258
7689213504
7951084326
7530468921
7518469230
7340695812
7120564839
7285463109
7423819650
7381602954
7610943285
7158326049
7325489106
7358094162
7043968251
7812045963
7926035148
7943586102
7528093461
7895124360
7468931052
7916203458
7895460312
7926308514
7264859031
7604231859
7981623054
7820534196
7698354210
7218065439
7089251436
7960412853
7489152630
7059634812
7540823196
7182630594
7508293146
7543291806
7091583426
7138264095
7950824136
7654923018
7452980163
7419306582
7234851609
7302619458
7360895214
7205194386
7805362914
7928365140
7152340869
7016394852
7260483159
7195263804
7205183496
7514982603
7140685392
7041256839
7824315906
7826413950
7356804129
7581234690
7213956804
7463928015
7430891652
7941305862
7416938250
7520193648
7931468052
7083259146
7154630892
7654283091
7368190542
7234058619
7416308952
7392046581
7496320851
7895304126
7613058924
7946518302
7508462319
7106329458
7631582094
7508196243
7854013926
7309281456
7086253491
7492813560
7180659243
7652308914
7589361240
7925184306
7351629840
7546839012
7291340586
7498125603
7163208594
7648925013
7391524086
7039156248
7604831592
7496053218
7568302419
7143826905
7359620481
7931645028
7980651324
7039128456
7230941586
7182694350
7621590843
7648932150
7485623190
7625389104
7329516048
7156328904
7215846309
7516430298
7062581934
7235601489
7429016385
7694032581
7945182630
7506894231
7642508913
7861209345
7503641892
7480519263
7460385219
7631825049
7963082415
7284109653
7058264391
7853960124
7609218534
7130689245
7603952841
7305684129
7539816204
7162504983
7628053914
7054183269
7198065432
7325981640
7685432091
7092156843
7536924801
7016359284
7852106394
7618540329
7856204913
7658920134
7921506843
7621405839
7641839025
7082614539
7094316528
7184206935
7492851630
7108534629
7412690538
7295641038
7312645908
7430918652
7436218905
7186049235
7436519028
7625904813
7965802341
7251930486
7501248693
7068395142
7236915408
7325861904
7526498130
7063598214
7652943810
7810623549
7601298435
7321058964
7083542916
7928654310
7098245316
7945801632
7291548360
7190853264
7406823159
7954260381
7138249605
7905261834
7296135480
7240936851
7186495320
7563140829
7643052819
7841326905
7398652401
7426390851
7305269481
7509834126
7534209681
7530821694
7806345129
7084126395
7130586249
7194358260
7305419628
7129085346
7604921583
7914258306
7584692013
7052486913
7941685320
7842016935
7680423159
7435269801
7132804956
7591042683
7936215480
7629405138
7624308519
7359021468
7985210436
7184963205
7908152634
7243089651
7048591236
7153684209
7105842693
7948260531
7902584361
7043682195
7146085392
7231864590
7612954308
7238549106
7438109652
7342501968
7298643015
7569318042
7486092153
7480532691
7452680319
7024815936
7068513924
7516093482
7405238196
7392684015
7034269518
7415309286
7932140685
7358201649
7925631804
7893426015
7924816503
7348596120
7510236498
7062491583
7906134582
7045289361
7065928143
7296138045
7046285913
7398615024
7295803146
7243085196
7514302896
7130945682
7812609534
7136028495
7892506134
7498261305
7964802531
7830152469
7235146089
7450683921
7950814632
7169320854
7365902841
7130624589
7936548102
7946102835
7816429503
7985123604
7026943518
7362890415
7564018293
7021453689
7862439105
7831952640
7052186934
7498360125
7836102954
7031986542
7459102683
7805462319
7452390816
7168495203
7519846230
7950243681
7435109826
7261904538
7614358092
7938450162
7934158206
7853201649
7985403162
7859210463
7426530189
7351698204
7629431085
7146253980
7814352690
7248536091
7652390841
7601952483
7160348295
7632901485
7398210456
7594810326
7126843059
7438529601
7051289346
7069124538
7654923108
7925840613
7423098516
7843501926
7210564893
7032861945
7163842950
7560189342
7425890613
7529840631
7539140862
7302546819
7492350186
7104869253
7603852194
7210453698
7056389241
7213096845
7546310928
7650941238
7689354021
7108294653
7302819645
7895216034
7146028593
7465120938
7319240568
7865139402
7463821590
7021846953
7451296380
7628510934
7865304912
7936541280
7638952014
7328610495
7012938645
7352649108
7341086592
7104359682
7396421058
7891540632
7516032894
7859136240
7132865094
7195024386
7482960153
7816502934
7068439512
7823059164
7384629150
7615983402
7549628103
7201958643
7245691830
7341985062
7163425098
7694512038
7452061983
7962843510
7851249036
7841269350
7469058312
7182435069
7342091658
7486153290
7430215698
7392051468
7215346098
7950214368
7630985241
7820534619
7549031268
7054139826
7130892654
7296103485
7190836524
7209354168
7382594601
7260153894
7450928613
7142065938
7914025638
7651294803
7312064895
7461952380
7308654921
7931865402
7921064538
7285103946
7496380215
7136940285
7216950483
7054831269
7869025314
7204958613
7615983042
7491632805
7491286503
7380624195
7342169580
7694231085
7263804519
7860143295
7025486931
7830514962
7864129053
7256408913
7965034821
7420953681
7016892453
7695082431
7842135609
7409128536
7301854926
7416398520
7925046138
7513062849
7041926385
7109386524
7038619452
7013249658
7402891653
7590236841
7963082451
7203614985
7160985324
7461205389
7156823940
7603529184
7908321465
7503241986
7356041928
7914253086
7042891653
7815934206
7240963815
7065294813
7436528019
7284130659
7436295018
7138645029
7628519340
7094531682
7821540963
7120489653
7149620583
7938051624
7914835026
7013496582
7106932548
7145032689
7284603195
7325146908
7254368901
7694851302
7805296341
7096512348
7642593108
7940852136
7918320645
7142390658
7019265834
7523481960
7451268930
7965301842
7954026381
7452638190
7694805213
7384512906
7589214063
7625190438
7946028351
7159086234
7152934608
7486195023
7830261495
7082159436
7508931462
7620941583
7038521964
7824930615
7189350264
7029648315
7862914350
7142089635
7940135682
7832049156
7204169835
7629318045
7412083569
7826951304
7509846312
7836402591
7482310659
7320698514
7860914235
7068513942
7054139268
7248195036
7631248590
7048639152
7896043521
7061932845
7569034182
7218593460
7054316298
7094356821
7045829136
7243965018
7924653018
7849602153
7962134085
7915832406
7908156423
7381054926
7928053461
7032498615
7295086413
7845091236
7035846129
7398452160
7681305294
7816092435
7560924318
7849230165
7684215903
7451638092
7290851364
7543061298
7316498520
7523614890
7403916852
7382069541
7213869540
7803219546
7519302684
7049512368
7493056812
7326490185
7954862301
7829054613
7942063815
7623894015
7948625301
7521806439
7456192380
7081425396
7045863192
7903154682
7603154982
7853049162
7196803524
7802346195
7283046519
7218564903
7652043819
7908236145
7021645983
7281639450
7142893065
7406185293
7983650142
7509261483
7340169285
7193508246
7523619804
7456239801
7893650412
7546290831
7940158632
7934685120
7826509314
7521493608
7639025184
7962138540
7318642905
7058296341
7249058631
7869152340
7962184053
7809541632
7938251640
7812504936
7398461025
7039284651
7615823094
7156420839
7369152480
7490653812
7256398104
7320914865
7641593280
7056421398
7284603951
7094613852
7845063219
7381609254
7543168092
7562894301
7568943012
7940628531
7062841395
7650182493
7641380925
7061928354
7849231560
7689124305
7910548623
7519048263
7402953681
7963148205
7895624301
7294018653
7854693102
7612534809
7481563920
7143058296
7289130546
7245136908
7051962348
7934521860
7258940631
7026319584
7158462930
7592416083
7863402519
7421530689
7561084329
7026893154
7320851649
7109465238
7429016538
7439508612
7152643089
7546201983
7640385219
7460835912
7380615294
7316285940
7395061284
7315869402
7098254361
7892613045
7839651420
7234059618
7238169054
7831246509
7594603812
7098142653
7264309185
7648523109
7129084356
7850946123
7369045281
7364059182
7362091854
7183250694
7402185693
7532906148
7025869314
7804359612
7649312580
7043981562
7156249038
7318926054
7639180245
7951463028
7032849615
7158026439
7209416358
7594630182
7561824903
7615394802
7504268931
7052638149
7509638142
7610589243
7805624139
7851269403
7510639248
7431529806
7012683954
7168290453
7460921583
7294351806
7964310582
7053618429
7093614285
7025416938
7362085149
7325681409
7861453092
7841092356
7560143289
7902458163
7045293168
7894523160
7951604382
7285914036
7942506831
7594138026
7146208935
7564931028
7198425036
7508193426
7031294658
7248193065
7984061532
7189250346
7932186054
7068123549
7051394628
7682405319
7146809325
7318569042
7351928406
7089135624
7641382905
7351206489
7590241836
7580432169
7236190485
7418296530
7581290346
7628091543
7508163492
7810643529
7920615384
7452836091
7938426150
7598216430
7921430586
7502684913
7054928613
7805196423
7381490526
7984532160
7829645310
7853912604
7510269438
7812406395
7348196025
7821035649
7032986514
7983524160
7538496021
7691450328
7160952483
7108364592
7614235890
7480539162
7421035689
7652489130
7483152960
7493850621
7134526809
7319562408
7621854390
7986412503
7435892061
7504863219
7450289613
7462850391
7806253914
7183402956
7320596184
7082461935
7683502941
7928450163
7031284956
7823906451
7350891264
7289045631
7908652413
7632109485
7961423058
7624051893
7561239804
7206935841
7280596143
7286543910
7865194230
7153290864
7635902184
7230948615
7904253186
7680345291
7916534082
7160954283
7435608192
7419250368
7426891053
7024931865
7561284903
7428095613
7504398126
7290534681
7509634281
7148365209
7039825146
7231906548
7452081369
7659238140
7051364982
7309658142
7091526843
7016935248
7019284536
7514389026
7154628093
7605812493
7135064289
7015428396
7082436159
7248351960
7541302968
7924316508
7184320956
7453908162
7504831629
7324056198
7465120893
7810394256
7940821653
7316245809
7381942605
7013685942
7295604318
7619320548
7608435921
7964035812
7148602593
7826031945
7854620391
7285190346
7059162843
7156823094
7216305498
7304695218
7923615408
7290486315
