2876953104
2438517906
2468701359
2107946835
2097351846
2837091654
2319758046
2539470816
2789461350
2076813549
2078196345
2361987540
2870134596
2635180497
2385740619
2798031654
2148096735
2306174895
2587306194
2061738495
2781950364
2180674359
2643571098
2937105864
2063451987
2903418567
2368905147
2140856793
2417593860
2408315976
2714698305
2860947351
2651790384
2790653148
2976385140
2350418976
2856304791
2031846957
2398715604
2608451739
2079465138
2793854106
2378659014
2856197340
2601735498
2185069473
2369851407
2573906418
2395074618
2417905863
2154860937
2984361705
2945138760
2603751984
2805134769
2439187506
2089316754
2498376105
2173896054
2697043581
2837951640
2634057198
2946107583
2481653097
2478109365
2643590871
2841096537
2354819067
2970438156
2095416783
2307598416
2867143059
2096458731
2675198043
2958376104
2186709345
2801597346
2465138907
2739401658
2058176394
2905187346
2317690548
2439176058
2470186935
2043719856
2796431580
2094168735
2584913607
2687543190
2768105943
2035648197
2480673915
2657419380
2584316907
2910734856
2305719846
2176843590
2176958403
2839407561
2186403795
2586910374
2156789034
2703948165
2458906137
2509318476
2106795348
2157043869
2406138795
2405961387
2395168740
2386794150
2968710345
2793485016
2165943078
2863190457
2143809576
2589417063
2359671084
2614309875
2715396804
2173980456
2951083647
2180957463
2659108743
2741396580
2149073658
2036189547
2530749861
2619457830
2854301769
2980675413
2489137605
2057461398
2915076843
2476085319
2754180639
2918035647
2507649831
2301596748
2354960817
2319456780
2168390754
2051638749
2036591487
2149068375
2439768150
2581673490
2504386719
2013756948
2387519406
2809465137
2738514609
2718043965
2375619804
2583160974
2419387605
2179580463
2971643805
2345769108
2986054173
2374580196
2914586730
2405891736
2946503871
2189730645
2976340185
2046895137
2487051936
2310567984
2315407869
2196304785
2397160485
2539486107
2935478106
2875346910
2517468903
2946538170
2961735048
2418507396
2487906315
2735809416
2197408356
2719608345
2760819435
2148073695
2537814096
2564813970
2814397065
2705436918
2704196853
2475601389
2570914683
2386104975
2643108597
2746038195
2314890567
2089165437
2654078931
2840936175
2308796415
2138069547
2518097634
2180679435
2135964078
2437085619
2857139064
2075163948
2701386459
2974385016
2695378410
2903754861
2479638015
2539148760
2495136708
2789046351
2901685437
2817306954
2980537164
2349160785
2635790184
2914630875
2073864591
2546390718
2975810364
2034687591
2690538714
2064319578
2516743809
2560981374
2976413850
2061938745
2098137456
2609748513
2076159483
2037518469
2538417690
2385470691
2471350896
2187456930
2045679183
2971056438
2154307896
2751986304
2065873419
2460578391
2109564378
2051349867
2318579064
2157389460
2308947516
2137694850
2170938456
2130956847
2769354081
2045968317
2518739604
2934768150
2618394507
2734981506
2975683401
2468537019
2139470865
2401896735
2976583104
2613598074
2834915067
2471695830
2196875043
2951067483
2574106389
2670485391
2785106394
2075934618
2564801937
2041635798
2975364810
2403976518
2418697035
2170459638
2578139046
2631970548
2705849613
2136857490
2341609587
2350418796
2635480197
2519046738
2768304159
2875149603
2463089571
2795846310
2356147089
2370189564
2089671543
2159037648
2304658971
2409137865
2683415790
2698157340
2307859146
2745163890
2034851796
2930158674
2087516493
2908471536
2683047519
2810497356
2847563190
2743195860
2475391608
2807165934
2014953867
2709831546
2107568439
2384706195
2579840163
2954867103
2106785439
2619053847
2184560379
2410789563
2146589073
2189065734
2713650849
2391806547
2967185304
2197503648
2967840513
2391458670
2067583194
2674305891
2701654893
2980713654
2783609415
2078345196
2851306479
2574913806
2561470983
2974380561
2439017568
2138740965
2098614357
2083456719
2495386071
2150976834
2863574910
2519406378
2018569374
2410698735
2403159867
2740618359
2743598601
2309476158
2065947381
2805964371
2597438106
2180953764
2768041935
2517094638
2167580394
2108537649
2457630819
2436089751
2068159347
2794361850
2498671503
2970348156
2048796315
2869371405
2145670938
2798603145
2987361504
2809415763
2079613548
2395470618
2180764395
2450738691
2467810539
2078145936
2910657843
2084695137
2184690735
2413067859
2418053769
2389450617
2047356198
2537968014
2645307189
2376840591
2940517386
2568731409
2963071458
2368795014
2581364079
2378906415
2140738695
2713408569
2836795104
2857619304
2987305164
2368195704
2761403985
2783916405
2935410678
2069783451
2106794538
2837654910
2508973461
2758941036
2849376015
2960487153
2805741963
2610473895
2581096743
2783150964
2143675098
2950461387
2736589014
2870169453
2340196875
2178096345
2351097648
2916375804
2951346078
2906478153
2597031486
2186034759
2670354189
2978051436
2981306547
2963578410
2098157364
2580743196
2614873590
2675319480
2319056478
2983705641
2613879045
2784136095
2741536098
2435091867
2839716450
2406715398
2178396054
2869031745
2695408173
2967481305
2053961784
2491785036
2605714389
2861973504
2405317869
2357089461
2648791503
2396107854
2501837649
2498051763
2938615470
2436859107
2178503649
2953864710
2865049713
2796305814
2863015794
2610978354
2718906345
2076598143
2740195368
2487056913
2913874650
2079641538
2437056189
2635107894
2514790386
2801596374
2059613478
2468305971
2538164709
2805619374
2716350498
2178034569
2849037165
2064853719
2548193607
2804693175
2890351467
2458176930
2167593048
2064538197
2653104897
2437019568
2689471305
2759034168
2369485710
2983017654
2169407583
2360158749
2935670418
2480936517
2015938647
2936107854
2985634107
2317546809
2317985460
2903548617
2183746590
2360841957
2175896340
2867301594
2160483579
2049875316
2687439015
2690185347
2061478935
2639750481
2846359701
2438906715
2609571348
2430961875
2403578916
2386519704
2689701345
2684307519
2047861359
2165394870
2496801753
2915478603
2947031586
2751368409
2597083614
2384697015
2156793408
2531687904
2147089365
2046973518
2940763158
2817964530
2654781093
2860519437
2965843071
2796384501
2934081567
2518439076
2751839064
2904371685
2615038497
2385970164
2068735491
2851690734
2759460831
2539847601
2709538461
2076351948
2153906748
2946308751
2394170685
2310947685
2684395071
2941706835
2903186745
2873495016
2038967541
2379154068
2730894156
2794168350
2413759680
2659078341
2357648901
2854697130
2759416830
2085176943
2473951806
2063947158
2380769541
2079836514
2695710438
2810675943
2859631740
2596081347
2374658109
2831947560
2798653401
2093716458
2354679108
2684713509
2185046739
2670913854
2486519730
2307596418
2156308749
2095736841
2760138945
2604351879
2710698534
2193685047
2419678503
2395684710
2047986135
2735064918
2503781649
2587091643
2073954618
2309471658
2401687359
2765094381
2576038194
2837946501
2368417950
2894630517
2835674109
2839047156
2967034158
2790613845
2049385167
2581964037
2810564793
2695018734
2140568937
2386417905
2563814097
2745038916
2369871405
2517908346
2056784139
2865179403
2439816570
2307419568
2135847906
2769105834
2460713859
2970561438
2309658714
2816940573
2987140635
2687431095
2804179356
2071846359
2405936781
2873645091
2347916058
2347960581
2691437580
2156048739
2143857069
2180495376
2748539601
2793061584
2603914758
2741309856
2563819740
2736180594
2160438957
2785604139
2605741398
2601893547
2583674109
2507314986
2158063947
2536781409
2318905674
2346179850
2439870165
2619485730
2461893750
2954678013
2570498613
2650183794
2183064957
2958416370
2043916785
2870134569
2967138054
2648953710
2370894561
2105476398
2159037684
2091486375
2701693584
2438169570
2081379654
2103967854
2045817936
2381740569
2649837105
2340816975
2348975061
2598610473
2641093578
2756094813
2846597301
2436179850
2103567894
2856397041
2061983574
2170463598
2795304681
2957346081
2785610934
2547891063
2843795610
2189374506
2705941386
2819735640
2761459308
2109873654
2384071956
2536147809
2531907648
2738196504
2316804957
2178450369
2574890136
2139864507
2495180763
2847035961
2358941670
2718903645
2136457809
2860971534
2104598637
2471059386
2947836510
2073568149
2987103645
2785901643
2603517489
2061843975
2560918734
2709485163
2054379186
2198603457
2693507814
2380967154
2095348761
2583401769
2860154937
2376450819
2807196543
2014385697
2315068479
2408693751
2460518793
2351890476
2569147308
2017863594
2015978346
2137896450
2149675308
2473905681
2601493758
2971483065
2394586701
2340579168
2083915476
2938140567
2851064937
2697350418
2817563904
2154706389
2106834795
2438019657
2591360748
2348509671
2581940637
2986435710
2807534916
2195608374
2047953618
2408631957
2470859316
2854396071
2315609847
2480917365
2468713905
2953864107
2314876590
2068134975
2951843670
2978504163
2973685104
2917460538
2496107358
2781639540
2843076519
2640197385
2578301946
2146087953
2586904173
2683945170
2365870419
2578609413
2698403715
2460379581
2540983671
2504678319
2680415973
2917864530
2485130697
2908531476
2750186439
2081579364
2504719836
2831096754
2819345067
2683975014
2830675194
2703145689
2850317946
2197385460
2064783915
2570984631
2865197340
2683410579
2653109478
2683710945
2514608793
2597368410
2537084961
2954816037
2580143967
2953478601
2037986145
2567841903
2710948653
2174689305
2468510379
2680493571
2450378619
2389076451
2065718934
2703945168
2410586397
2641308597
2095731468
2459378160
2453897610
2416709853
2816495307
2658947103
2890415763
2174685903
2463570891
2015869347
2634817590
2456187093
2576183409
2367481059
2913857064
2891536074
2463158079
2875046319
2089347156
2701564983
2897350461
2468795130
2781405396
2314965780
2180637945
2798631045
2067851349
2491786035
2793185640
2410785396
2450193768
2089153467
2613489057
2974031865
2461573980
2596847031
2936014875
2076489315
2849017365
2896037541
2739056814
2937105468
2760193584
2538940617
2354986071
2471935608
2130649785
2805479613
2437618905
2936475108
2079534681
2371946805
2871564309
2730945861
2165937804
2501436789
2769134805
2813065794
2758964031
2756913408
2564709138
2570614389
2819405376
2140397685
2508973146
2357069184
2986731540
2713685904
2340965781
2098364571
2305468197
2698307154
2056734918
2087439651
2576831094
2073684591
2149870563
2546187390
2190764358
2476198530
2874095136
2071985634
2861597430
2319468057
2109654387
2913756480
2891563047
2936704815
2517308649
2380457619
2405139768
2807541936
2178604359
2385790164
2541769380
2546973108
2905387146
2509638714
2709146853
2415738690
2145890673
2103487659
2684913705
2387961450
2571893604
2617038594
2650948137
2476590318
2067384591
2478195306
2351847960
2368190745
2936784015
2964718350
2948073561
2761804359
2095348671
2379546810
2478513960
2381069745
2185036794
2935178604
2846031597
2701348956
2817063495
2904635781
2480359167
2067934815
2098437615
2843109657
2817354609
2590876134
2891704653
2674158309
2653189704
2456310987
2548031697
2784590163
2693108457
2350847961
2387409615
2610847359
2509436187
2706318549
2806139547
2568310947
2759014368
2053197648
2369485071
2375641089
2097538641
2483516970
2681947053
2730514968
2604518739
2580761943
2670931485
2734165890
2974083615
2614378590
2918647035
2567483109
2039571486
2531760849
2394761850
2170498635
2453081679
2635189740
2419576803
2835791046
2370854619
2917654830
2430968157
2738456901
2786904135
2419075683
2875309164
2439165078
2907658413
2497861305
2913758640
2715034689
2805931674
2861350947
2786403159
2937465810
2690483157
2391578046
2548609371
2914375860
2347189506
2865014793
2674310958
2576183940
2745168903
2041835976
2196487503
2396817045
2368590471
2785601493
2695378041
2681057943
2468503719
2036178954
2736409185
2016349578
2345879061
2597430618
2436019785
2058614379
2460185379
2563107849
2561704398
2791053684
2936851074
2759108346
2845937061
2961387504
2415089637
2734916580
2903518467
2674913508
2614908735
2843095761
2457091638
2635849170
2098631547
2546809173
2937604851
2498536017
2936851407
2763980514
2473819650
2637098514
2834091576
2935768401
2956138047
2738496501
2756948130
2510367984
2956130478
2654837190
2468310975
2468091375
2461970835
2385647109
2831674095
2764380159
2740951863
2163875940
2491075638
2950417368
2731564089
2769501834
2307845196
2683945701
2789546310
2801953467
2138675094
2705694318
2894367015
2384971065
2351984760
2683047915
2017359468
2857691340
2910435687
2784061593
2378506194
2409731685
2136547890
2715680943
2810394657
2065813749
2386057194
2465138790
2408967315
2687341950
2410987356
2693087145
2853764019
2847639510
2453976081
2348067591
2709854631
2985761034
2608917543
2830451976
2916530487
2917568304
2547180396
2735810946
2403715698
2941783506
2754016983
2074358916
2870461539
2537906841
2680573914
2879154630
2083619745
2690741538
2431768905
2109345867
2697850413
2091563487
2416507893
2718596034
2875413096
2176805493
2954817306
2189756043
2058197634
2964531870
2507341689
2094586173
2765483901
2593416807
2437961058
2059684713
2936781045
2506987314
2590873164
2470159368
2495738106
2014593867
2986073514
2697314580
2461378095
2086915437
2085913647
2418036597
2361987504
2039645187
2469710835
2908653417
2698035147
2708536194
2394518067
2380769541
2638751409
2184957306
2860475913
2380596417
2871354960
2957641380
2783640915
2179358046
2541398706
2168435079
2841970356
2601583974
2647581309
2163405897
2593706148
2563804791
2498605317
2054973618
2731948560
2583071694
2081367945
2967804351
2681453970
2564730198
2653904718
2645098713
2738109654
2564170983
2530948761
2879043615
2146509837
2173694085
2389615407
2063987145
2691845370
2860395417
2406859173
2746930815
2197846035
2739564018
2301784695
2130986754
2087361459
2501768394
2965714380
2714958630
2053648179
2160759348
2937165048
2164758930
2094137685
2465397081
2456387901
2067589134
2451067893
2651043987
2184950736
2475089136
2706893541
2960518437
2953846710
2407581639
2543860971
2760514398
2410869357
2308764519
2684579013
2309874165
2671054983
2457138960
2058973461
2678351409
2513498076
2965087143
2150934678
2581970364
2109358647
2368590417
2804753916
2064173958
2735860941
2485137069
2470513896
2514983760
2578364190
2615847930
2609481753
2798641305
2469851073
2975108634
2897401563
2301589476
2947658103
2635147980
2615407893
2963150784
2519836470
2139875064
2641809375
2504893716
2160583479
2083516947
2697480315
2916358704
2793156480
2380174569
2795384061
2045793861
2913468750
2590163784
2794561380
2541673809
2716589304
2769504831
2957804163
2416037598
2078513469
2598634107
2603815974
2059613748
2049365817
2367580194
2597108634
2375408961
2961384057
2316805794
2718360945
2965108347
2534769801
2831097465
2860137945
2470981536
2865904173
2058693741
2598073416
2749561830
2870354916
2891570643
2836540197
2705349816
2479301568
2315674098
2864137905
2568709431
2305716894
2580697413
2350948617
2013675849
2978516430
2514863079
2619743805
2075614839
2683095417
2436751089
2170895463
2701569834
2061837459
2683791450
2506478193
2164839075
2849036751
2097564318
2801679543
2617039548
2179834506
2405871693
2135908746
2317694508
2079364185
2370916548
2096835471
2938407651
2486703951
2196740853
2841507963
2570649318
2164957083
2178640359
2357649108
2501689473
2175934086
2501843769
2894670135
2096148537
2689014753
2514903687
2978314506
2591364870
2934081675
2635081974
2561930748
2738540169
2063754891
2065138479
2697085341
2739185064
2413089576
2801697453
2791038546
2063475918
2850761439
2753408961
2089713564
2614538709
2064519783
2603459781
2459187063
2913674508
2864507193
2083417965
2539107468
2409685371
2645837109
2375641890
2416083795
2861549703
2890451376
2079641385
2857463901
2069517384
2409137658
2071948653
2905174386
2701583964
2358694701
2971853046
2475068913
2910473685
2635879401
2348659710
2309684751
2649375081
2813704695
2836594107
2697138045
2145087639
2890341765
2814375609
2379850641
2160847395
2637954108
2908143576
2169548037
2654031879
2714503896
2408571936
2815360497
2397564108
2764091385
2496135807
2051783964
2640395187
2817650493
2918376450
2614358907
2394705861
2347986015
2736015894
2714386950
2791630458
2674108935
2649701583
2384609571
2530879614
2486579013
2709531648
2973458106
2098163745
2039184675
2641503987
2367085419
2948735601
2864790153
2691357048
2475318096
2016978543
2086134597
2649351087
2174935680
2183605497
2934601857
2094358167
2945076183
2986304157
2357409168
2071549368
2018356794
2897015436
2756314089
2685941307
2569874031
2396807541
2180937546
2975386140
2739861405
2465031798
2407935186
2981567043
2589146073
2491673085
2471890563
2960138547
2194605837
2687049531
2053974186
2801365974
2674095831
2168490357
2963105487
2459736108
2136507948
2937580641
2501647839
2768104935
2386405917
2857906413
2574306198
2984675310
2705438619
2586937140
2935746081
2780549361
2718534690
2596184037
2683107495
2917468503
2063715489
2903841567
2854091763
2394158706
2093561487
2084671395
2534607918
2475039816
2409513867
2148097365
2359478160
2015693748
2850197463
2037915864
2650837194
2938041765
2598137640
2613598407
2640938517
2974563108
2401367598
2548301679
2749318650
2064839517
2473960185
2107956348
2397168540
2098473615
2148973650
2041386579
2405863719
2580713496
2176845093
2906413785
2593641087
2784903615
2560491387
2016754893
2415309876
2581930647
2176894053
2753168904
2687903154
2803465971
2386795104
2136749058
2945816073
2381649570
2413659708
2416739058
2915603874
2541960387
2645907813
2958406137
2390518746
2650781439
2795803461
2458703691
2017893456
2476081935
2351749086
2017368954
2078564319
2740691358
2063497158
2956471083
2510974863
2173894650
2815903647
2053168749
2710369548
2160895473
2035941876
2869547130
2361908745
2017563948
2189730456
2634975018
2874039165
2319840657
2753014986
2318907654
2075381649
2576908143
2897064351
2940581367
2815946703
2568049731
2459370618
2417398065
2073654189
2703965814
2781094653
2603987541
2167354980
2987146053
2968105473
2813045796
2915604873
2310548796
2341650879
2301849657
2048739165
2508691347
2415708396
2659437018
2710698543
2735109468
2809615473
2501869437
2493715086
2517309468
2450876391
2308176459
2056741983
2417096358
2914356780
2754019683
2371860495
2691543870
2059143867
2501489763
2198340675
2196703854
2169584730
2563479801
2763504918
2541708693
2579806314
2358176904
2053681794
2891304756
2839417056
2864539170
2490568371
2378195604
2735946018
2057493186
2610539847
2856014397
2386174950
2475839016
2807539641
2618475093
2645708193
2564790831
2758930461
2795043681
2706589314
2765839014
2683907415
2659130874
2193854607
2196850743
2519368704
2834076915
2593801674
2315809467
2697405183
2379851046
2918403567
2463815709
2356180974
2935701864
2693478510
2970561483
2684157903
2061395874
2675910843
2750831946
2357014689
2319804756
2381570496
2079631854
2351964078
2053867491
2340896175
2378149560
2136470895
2605718349
2561349087
2761850439
2896317504
2408756193
2103456798
2405973186
2718093465
2957806413
2936548701
2548961703
2867154903
2190764358
2308154796
2610954738
2057839416
2379108654
2956387410
2685037914
2750168934
2098471635
2496835107
2640315798
2015384769
2564187903
2965307418
2574083619
2790846531
2184739065
2805941367
2735689140
2107465839
2107468935
2604875391
2370864159
2891574603
2190538674
2659718430
2493678501
2084375916
2493508617
2971853460
2037618594
2403167598
2391458760
2879460135
2701983456
2196804753
2680475391
2951340876
2109473586
2091683574
2147586309
2703546981
2951736804
2576830491
2075891634
2356478109
2781364905
2941860735
2538947106
2593647081
2971465830
2681540379
2075314689
2514306789
2301674895
2816394750
2193078546
2837964105
2683745190
2073516984
2097851634
2739584016
2169735084
2075186439
2971460835
2408513796
2417536980
2396457810
2065397841
2695874013
2587106349
2593760184
2195807436
2170649538
2970835641
2730941658
2851906473
2738951604
2504871693
2956104837
2064153897
2539174680
2814307596
2357816409
2439150768
2718605934
2346075198
2716493850
2594836017
2315709864
2956841730
2943817065
2061785439
2841305796
2045386179
2146875903
2948710563
2019537864
2169485370
2359601478
2493185607
2154063978
2958067134
2578964130
2451963078
2650943178
2086571394
2360159847
2857461390
2367190485
2683195740
2490367815
2548603971
2085639174
2075981436
2931765084
2398716054
2359671084
2089547361
2068913547
2059461378
2739086145
2789453601
2579648031
2016584793
2167308495
2159478306
2179308465
2385074619
2637541908
2068347159
2036498175
2047965813
2408613975
2894670135
2176543098
2849715630
2341806759
2069451387
2534806917
2958061743
2189476035
2096875314
2786540139
2659170834
2893140765
2084576913
2105936874
2315789064
2186037954
2549810376
2956480173
2039468175
2863491507
2078491653
2761053849
2641038759
2546819370
2360951748
2716435890
2418960357
2704351986
2853076194
2789016543
2387609145
2140763598
2856340971
2736918405
2845139670
2983670154
2057834619
2697453018
2519843760
2945137086
2438759160
2356140978
2583460791
2408967351
2860459371
2935748061
2754319608
2314850976
2670983145
2179854063
2739540681
2017864395
2048639751
2439675180
2698541307
2581639740
2780514963
2689314075
2638104579
2749318650
2604789351
2046317859
2687390145
2610583947
2840359176
2397418065
2419650387
2485367910
2094753816
2945071386
2387169450
2160734598
2173406895
2465310987
2967583401
2745018693
2348961507
2640381579
2694851307
2064579831
2891576043
2971568340
2485706931
2316479850
2785910634
2043689175
2980743156
2359780461
2517049836
2058693714
2541793680
2617053849
2580917643
2973586401
2397846150
2637809541
2419675308
2608415379
2708465319
2045637189
2190458367
2761593048
2105639784
2438950716
2508196374
2901674538
2934506187
2308147596
2075316984
2768954310
2083457916
2046953178
2105483976
2538461907
2653074891
2941580673
2649185037
2017953846
2041795368
2859306741
2854367091
2384671590
2679150348
2961073854
2657034819
2047351869
2054863179
2917580364
2765831049
2354789061
2053689714
2863759041
2546031987
2157803946
2587930461
2879436051
2019483576
2158437096
2301765498
2146537980
2961875340
2651793840
2045891376
2164097835
2678345901
2845761390
2395186740
2671804359
2478015963
2854360791
2618970345
2057384961
2196735840
2451069837
2795834106
2984136075
2094678315
2037491568
2153847069
2738104569
2176408593
2409358761
2694387150
2197486350
2501938476
2593768041
2839506417
2409853167
2764350198
2845309716
2354687109
2546810793
2859306714
2058417396
2170946583
2716049583
2895430761
2049576183
2501469378
2609814753
2439576810
2316597804
2804967351
2308964751
2417650398
2854930176
2689137405
2831764095
2936508174
2673410859
2791504638
2789630541
2504837196
2380574961
2410863957
2860417395
2904758136
2475301869
2765038914
2190756348
2173805496
2781954306
2817305946
2613875490
2567841390
2017856394
2096148573
2758013649
2580796134
2973065841
2374596801
2814563709
2130586749
2539017648
2705346981
2746890531
2570863914
2870965314
2756304891
2695304187
2735049816
2580193746
2950618743
2645013879
2173985406
2978503614
2470139658
2810943765
2597803641
2967803541
2593186704
2436107895
2384016759
2436785019
2501648793
2415967083
2084536791
2846357190
2915073846
2786094135
2746105983
2709586143
2597384160
2581943067
2065479138
2890741356
2057149863
2598047316
2069751384
2768351049
2509438167
2456173089
2965801734
2047951863
2139687450
2873516940
2531849670
2673801954
2385961407
2649387501
2891640735
2371048695
2681304579
2567194830
2603571948
2038679154
2304761598
2640798315
2871653904
2379845601
2069547831
2598701634
2156947308
2984351076
2694187350
2354876019
2674039518
2587093461
2137609584
2387615094
2071869534
2604817539
2789046135
2049167385
2863059714
2019674583
2390581674
2614385079
2758460931
2608435971
2853071946
2516948073
2857190436
2594378160
2410386975
2140875369
2598734610
2507134986
2507891346
2843906157
2540397168
2873905164
2068537149
2846901375
2194368570
2497601853
2045831967
2310758946
2976145830
2385647901
2860534917
2086753491
2317806549
2510497836
2408316759
2870459613
2947015638
2756948130
2309178465
2750138964
2549013876
2694831057
2974186350
2695317840
2568439710
2306791485
2195068347
2987560134
2351746890
2745863019
2348160579
2083467195
2730468951
2960531478
2946378501
2716905438
2643758190
2568417093
2503671894
2476391580
2398615470
2795801364
2168347509
2871530946
2048651973
2493608157
2785903614
2789345061
2309176548
2349681750
2974510863
2945301678
2310496785
2619730854
2706318459
2378509614
2376940815
2871946530
2067358491
2897135064
2078134965
2509346817
2843096571
2496853071
2938456107
2970418356
2931605784
2059784316
2917854306
2910687435
2159380647
2458630719
2904318567
2971486035
2479368015
2537146809
2693084571
2596147038
2640893175
2417683590
2038547619
2176053849
2849306175
2473815096
2307954186
2573814069
2986705413
2176083954
2318057694
2618704359
2748396015
2591647803
2704653819
2058476931
2365084719
2971054863
2105648937
2481369057
2891407365
2054913786
2940731856
2456813970
2406375198
2943768150
2769513804
2415086937
2750381469
2930745861
2387410956
2370156948
2756918304
2467591038
2475960318
2973851640
2958341706
2057431986
2689304175
2970346851
2801579634
2536879104
2179405368
2346197805
2617539084
2748653190
2059176384
2571963804
2845063719
2643187950
2105643789
2758149603
2340786195
2519463780
2830971564
2690178534
2930715684
2789431650
2783950641
2803695714
2139805476
2596870431
2516379084
2534816970
2045971368
2897536410
2715408369
2408153769
2509684713
2819654037
2403697851
2536087491
2604183975
2958140673
2573804619
2036518794
2514908673
2751049683
2681954073
2935176048
2689531704
2385761904
2680734591
2940836157
2160398574
2563790481
2345091678
2135674089
2734098561
2061854379
2715306849
2570486391
2130976458
2410873965
2795063841
2594317608
2736109485
2718649305
2481673095
2481350769
2764359108
2301584679
2684057931
2906734518
2935701648
2563984107
2416085973
2398165047
2430917865
2819074635
2561809473
2410986375
2910638457
2354017896
2319547068
2048963715
2365719048
2651740938
2076148593
2049687153
2640891573
2549063781
2497310586
2835671490
2964137805
2071593468
2708394651
2480976315
2413689570
2534189607
2964730158
2507841369
2574613980
2860149573
2730598461
2510476398
2619574308
2154693780
2869501734
2471869035
2678054139
2157906843
2576340198
2681345790
2396475180
2645187903
2689174503
2095371468
2593078641
2459038716
2635890741
2478365019
2105863479
2439150768
2567308149
2719364580
2351078694
2150846793
2041836759
2304568917
2598316470
2870435916
2079581436
2873594601
2178940653
2560983417
2046859317
2580961374
2150837649
2067518493
2164780395
2748651039
2839147560
2610845793
2853607419
2617098345
2496730518
2876430195
2680145739
2409673185
2735861094
2146857903
2930471865
2657139408
2715406389
2943571086
2516934807
2895604173
2169438057
2603418975
2537410968
2983150476
2046138597
2865970341
2695178304
2564783910
2036958471
2495806713
2938746510
2384590617
2607315984
2168345970
2609354781
2764185039
2735601948
2547318069
2095437186
2453769018
2604513978
2613850749
2706351498
2659037481
2980371465
2680951437
2913506487
2153674980
2179384560
2475310968
2794031865
2570983461
2716805394
2368197405
2803651479
2567109483
2715043698
2104376589
2076345189
2196830547
2534109786
2473195806
2194765830
2937186045
2591740386
2946108357
2384106957
2016834957
2657094381
2809351647
2185730496
2176594083
2876340159
2457086139
2947053618
2593817640
2796345810
2407963158
2574319068
2768904153
2598647310
2351694087
2738615490
2179438605
2905861743
2398064157
2390158647
2431890657
2835760914
2307694851
2439716508
2041593768
2437018569
2607145398
2713059486
2410739568
2031786945
2607491853
2510368749
2378591460
2837061495
2693174085
2314569708
2749605318
2407861935
2185307964
2319865704
2604539817
2103569874
2458176903
2860197435
2639701485
2508396147
2318704956
2016475893
2569380147
2387941056
2076835914
2510497368
2731895640
2701639485
2083796154
2571960384
2189034765
2751406893
2648175039
2475861390
2957601483
2491873065
2136974850
2659071384
2497305861
2719035684
2849317605
2136875940
2361540798
2804915367
2148369570
2103576489
2751068943
2874960153
2053867419
2409761583
2385907416
2503184679
2807419635
2956073148
2760914538
2546198730
2638940571
2874361905
2567319084
2051376498
2409376158
2894753601
2149853067
2648179053
2839650741
2084371596
2546107839
2694857031
2719463085
2637580194
2608971435
2569103847
2491760385
2487503619
2069741583
2517049836
2965130748
2658937104
2378051946
2139845706
2387461509
2358761049
2196703485
2304568719
2459703816
2764839105
2503417896
2483910756
2519367840
2679503841
2187540963
2563097184
2785401693
2186759034
2380975416
2438079615
2957186403
2754968130
2375164980
2863509741
2509178436
2016958347
2480371596
2045137689
2514087963
2165034987
2760851493
2039684517
2579804361
2890751346
2791865403
2596071348
2705396184
2368495710
2410879356
2495183067
2456813097
2841375690
2739648510
2139047856
2354819760
2741956308
2763584019
2136850749
2680914573
2305968714
2687395041
2169870534
2970864153
2873954106
2017486395
2516389047
2308417569
2031547869
2769843150
2640153798
2708613549
2315946078
2851946307
2473186059
2056394781
2859346017
2154367980
2360891754
2435089671
2941763850
2973548601
2069713845
2810635749
2094583617
2435978160
2753981640
2163075498
2851073946
2645318970
2514670389
2918547306
2607938514
2861430957
2637981045
2916357480
2140783965
2653980417
2548790136
2793548160
2461357809
2986015734
2318754069
2076583941
2364987510
2570831649
2538940716
2604185937
2418935607
2685943107
2096178534
2190576384
2891365047
2815076493
2137549068
2351790468
2075819364
2560784139
2609741538
2641398075
2859764301
2798016435
2704136589
2057461398
2793865014
2137548960
2681950734
2340917685
2169478053
2697518034
2403586179
2469758130
2134957860
2541087396
2896105374
2598041736
2748391056
2693750418
2468057913
2158640937
2159486370
2456908731
2530914867
2185674309
2746305918
2098157436
2869143705
2360471985
2436781590
2386097541
2418973506
2063871495
2815306749
2405716839
2460591783
2406975381
2314079586
2035718694
2430167895
2793164058
2745960138
2309164857
2691475830
2586034791
2740685931
2976453108
2956143780
2548170693
2705931684
2641583907
2875103946
2954106378
2165947803
2513084976
2380169574
2857690413
2413087695
2708639154
2197083564
2610578439
2389016754
2618759403
2163087459
2197054368
2431987056
2879015364
2098537461
2089465173
2539871604
2738104569
2730816495
2381054796
2937046581
2578430169
2146503978
2985147603
2179830546
2916743805
2603981574
2968514037
2891657304
2741036598
2049638157
2697483051
2379684105
2478150963
2849605371
2589763401
2069341578
2613780945
2741059386
2581739046
2759180346
2160385497
2487519063
2591478063
2391487650
2039685174
2860951437
2370849615
2513946870
2765304981
2650483179
2918630457
2095168473
2175480963
2517604389
2317548069
2647310985
2340178569
2749603158
2613495708
2367918045
2976184035
2875049136
2685910743
2981306754
2067189534
2871056349
2315987604
2597381604
2769340518
2817935604
2637815490
2015934876
2018937465
2859310674
2436958017
2780635194
2431980756
2450981763
2986735401
2840169573
2951034786
2640815793
2598716403
2194763058
2319074568
2950614387
2349016785
2061549837
2936108574
2031568749
2189735640
2716038945
2078695413
2645179803
2674093815
2165490387
2145089637
2156709843
2159630487
2045176893
2967103584
2735190684
2097531864
2391764508
2046193875
2895074163
2534608197
2954136078
2781465039
2839645710
2867403915
2958640371
2813095476
2150498673
2860157394
2694503817
2057198364
2847630195
2015483967
2958036741
2089136745
2514768309
2647839051
2793056481
2417389056
2485016793
2140786953
2038947651
2543098617
2981736450
2058961473
2168935704
2063947581
2145763809
2483965071
2469158073
2190536784
2896531047
2356178094
2974651803
2908316457
2043168795
2487360519
2619745380
2489175603
2719835046
2876915403
2841963507
2041973856
2064975831
2675189340
2018937564
2758164309
2685341907
2457396081
2536810947
2689053417
2085163794
2839640175
2416587093
2675139480
2056983741
2963071854
2431650987
2604319587
2495371086
2839176405
2537419086
2763094518
2693807451
2135860497
2519836074
2561039487
2648375910
2531946708
2178536904
2963147085
2419538076
2143896570
2831569740
2493185670
2041795683
2396504817
2670138549
2417839605
2019843576
2306487159
2938407561
2834950671
2059187346
2358106749
2457309681
2856493071
2148593670
2103549786
2701943685
2564139087
2730591846
2867495031
2387564910
2697831054
2085147963
2945871063
2739860541
2095874631
2760194538
2980561374
2810536479
2109638475
2905134867
2459806173
2903861475
2804175639
2180574936
2980135746
2619783450
2847695301
2409653178
2514708963
2604895731
2953870614
2496731085
2637045189
2307195846
2931647580
2157309846
2065749813
2956084173
2385764109
2180369745
2851793604
2479361085
2954710863
2305471986
2697108534
2490586731
2841635907
2406598317
2985016734
2864975103
2850716943
2897135406
2074359168
2075649381
2940761385
2346789510
2675839140
2398560741
2085917463
2074658193
2795416083
2351948067
2634170589
2753496180
2658309471
2618430795
2530468971
2053174698
2617098345
2690375148
2097463518
2374851609
2794136508
2710365489
2950374168
2463951087
2908356147
2048561379
2495706381
2413879560
2013876495
2913746508
2904537816
2094781356
2451308769
2540679831
2075348961
2476935180
2845906713
2465083791
2756093148
2907346518
2183746950
2175980463
2714395086
2013457896
2913058467
2714569803
2961734850
2837654091
2318579460
2803746951
2960581473
2348510769
2485096317
2483579061
2194567308
2106793854
2187365049
2695801743
2938407516
2671053984
2530617498
2968137054
2690435781
2549380761
2537981640
2579681403
2639745801
2671389054
2194738056
2601793485
2756049831
2064518397
2486395017
2408563719
2594083716
2980164357
2358640197
2584319760
2954163078
2013674895
2948706351
2756190384
2684795103
2764508319
2348615907
2178359064
2961847035
2714068593
2865974013
2145069387
2976841530
2386109547
2697480513
2178094563
2809153467
2509764813
2367908514
2453981067
2713058496
2608145793
2913067485
2945687301
2508317694
2541098637
2591608734
2417639850
2318649750
2594601738
2840316597
2394508671
2410537698
2835670419
2548960731
2675491083
2538106794
2817034695
2740859136
2095148736
2783149605
2530478916
2798356041
2678495130
2149765308
2473691058
2845701396
2749653081
2905846713
2490853761
2745601938
2163879045
2103768549
2863507194
2591043678
2489316570
2837461095
2648309715
2508679431
2931465078
2510978346
2419637580
2301678549
2506794813
2695178340
2980643715
2846970135
2605493817
2051963847
2035174869
2385960147
2461583079
2698371450
2063419857
2178356904
2637591480
2763918540
2370954816
2163958470
2685910473
2614705389
2967810354
2530679418
2780694513
2749560318
2435681907
2968370154
2630895417
2064895173
2308597146
2086741359
2794805316
2809673415
2140736598
2039847165
2305786914
2543097168
2510749863
2413798560
2874651039
2173064598
2709635481
2813475609
2034189657
2891467350
2846597301
2375108469
2610975483
2068973145
2753198640
2413607895
2950386714
2468950137
2674031859
2345860197
2645309781
2756903841
2038941576
2908745163
2639081574
2164957083
2368417905
2810379654
2756984031
2061758934
2894576103
2450697813
2640753918
2385460197
2194758063
2380471596
2071684593
2876054391
2975014368
2834675019
2847196503
2819764035
2936540817
2465071893
2637845910
2860193574
2837604195
2097314865
2187354069
2517349680
2709564813
2478039165
2317486509
2853709641
2073518946
2389471605
2456317980
2173948506
2365810947
2387159460
2610894537
2508763491
2576409138
2549360781
2576409138
2196430758
2314760598
2356904718
2061497385
2087314956
2910673845
2475396180
2067839541
2754308691
2085436197
2974653081
2103984657
2543976018
2905364178
2096481735
2043658917
2176408953
2896754310
2735016948
2519643780
2364781095
2875619403
2850731946
2508361479
2489570136
2417305986
2610459837
2834059671
2089743156
2173065984
2718569034
2560483791
2094586317
2951680473
2019573684
2385749601
2760384591
2043185976
2167538049
2456319780
2180576943
2038569174
2406719583
2518479306
2617380954
2349706581
2369157804
2187304695
2934016857
2015673948
2836075194
2405639817
2518704693
2750186493
2508964317
2691754803
2976804135
2567490831
2591407386
2584913607
2437569081
2543069178
2594870631
2049851637
2645810937
2657143980
2618453079
2758391406
2638904517
2054139768
2461093758
2634715980
2489507316
2407361859
2930518674
2183095764
2106487935
2473851690
2149530876
2758436910
2317695048
2086543917
2918365074
2035174869
2594071638
2608931754
2380671594
2690138457
2510874396
2416873095
2917586034
2409716538
2841576039
2935046871
2015839476
2843956701
2537490816
2781095643
2918635704
2485193076
2753906841
2176580934
2854709316
2140578693
2975604138
2745398160
2019853476
2347865019
2850469317
2310648579
2503976481
2850794163
2856149730
2871964350
2631457908
2174038596
2540873196
2806514793
2604839517
2068973145
2641958703
2137068594
2739658014
2097148635
2756094183
2847913605
2789046153
2951604378
2603794518
2718965034
2987503614
2745308169
2081749356
2936740815
2045861379
2398510746
2705934186
2876945031
2601953847
2178643509
2065479813
2374095861
2581390746
2069574831
2574631890
2739865014
2847590163
2603417598
2713058649
2701843659
2916804735
2196357480
2304658971
2806375194
2938015746
2374801596
2075431968
2617450839
2651704893
2831075946
2945087316
2081569473
2709158346
2406719358
2593871640
2731864950
2167849053
2073964185
2347560891
2694185370
2586031794
2915308764
2637180549
2573681049
2784309156
2835640971
2463158097
2759460183
2594678031
2386419075
2310485967
2981643507
2549183076
2168345790
2984170536
2946853710
2854301796
2780916534
2603589147
2035841697
2981576430
2147096358
2680159743
2794865310
2410687539
2491305867
2081935746
2743089561
2514839670
2483701956
2803796541
2931806457
2690734851
2603418579
2817045396
2954107863
2136470598
2678015394
2973845016
2598034167
2365948710
2804739561
2609813754
2713904865
2359641078
2461089375
2035981746
2718456093
2347651089
2693508417
2386710954
2504138967
2097638514
2645017398
2530867914
2138056497
2936157804
2785016493
2490156783
2341706589
2589301647
2678490153
2479538061
2508749631
2901638547
2701934586
2683154790
2184753096
2804396751
2548013976
2019354678
2863940157
2914678053
2873160495
2816539740
2175406398
2017956834
2379168045
2457803619
2064387951
2790158364
2509647183
2680147935
2907461835
2365978410
2134796850
2068579134
2051649873
2053864971
2063154798
2547810963
2419653780
2937508461
2610597438
2541083697
2946731085
2391480567
2569748103
2568739014
2536491807
2957483016
2395086147
2951304876
2316478905
2468913057
2674309518
2706814395
2495687310
2803759416
2367084591
2760541938
2304679518
2536784910
2487693510
2546830971
2415790863
2658931740
2367049581
2894176350
2564379018
2059316874
2793840561
2679103854
2597361084
2375861904
2807396145
2017895634
2046785139
2140395786
2856014379
2786540193
2369451870
2873519406
2184639507
2083691457
2896054173
2708193564
2039756814
2376584109
2538174609
2389670415
2935160478
2768531049
2985467031
2859736014
2801645973
2039567841
2697140538
2190465873
2864530719
2541760398
2945706183
2736890514
2463908571
2513964870
2189574630
2698451703
2089745136
2384607591
2935614870
2681453790
2307651489
2487930516
2957813046
2185690473
2781436950
2136940587
2456810937
2954073168
2738094561
2390641785
2689034517
2097618435
2734019658
2948103675
2674138095
2658374019
2149378605
2684103957
2814093657
2874913506
2354097681
2850367149
2631450978
2895167403
2106493875
2065973481
2869714350
2016387495
2194835760
2168594370
2398451076
2851430697
2061938457
2490378516
2605471893
2187345906
2415893607
2938510467
2453701869
2056978134
2504397681
2630584917
2784369150
2673941508
2189430765
2610984735
2751938460
2539407681
2140758936
2589473016
2817903546
2085394176
2183509674
2176038495
2873159046
2641397058
2734095168
2016783945
2748316059
2683705914
2189607543
2146093758
2091367845
2963147580
2049851367
2178690345
2056734819
2475031896
2789360451
2387650419
2519847630
2957318604
2417350896
2465789013
2786915430
2819546370
2079384561
2985630714
2301578694
2581479630
2350417689
2473918065
2173968504
2486193057
2473961058
2193685704
2340596781
2715096483
2486305197
2376915804
2849016375
2361790458
2897145306
2958437016
2897601354
2798304615
2768591034
2814507693
2781054936
2087396145
2789351064
2136078594
2734986015
2518976340
2108536794
2430175698
2736581940
2418076359
2138457096
2793586104
2193846750
2709186345
2948371650
2503689147
2136497508
2831605794
2079561348
2703984516
2718659043
2941687350
2943816750
2631450897
2841579036
2745631098
2958364017
2650381947
2394658017
2058641973
2914308576
2407198635
2590347186
2651947083
2648175930
2365479081
2310589764
2369578401
2694310857
2791386405
2380145976
2905168374
2804573916
2937186540
2813709645
2014536987
2039156847
2801695734
2306417859
2659483107
2483950176
2804579136
2709145836
2450973186
2875691034
2105784693
2374506189
2507694381
2357960184
2594613087
2965148370
2051387694
2174053968
2917643805
2438950716
2631945087
2497180536
2183679405
2537609418
2605147938
2057631489
2834105796
2953764180
2698407153
2738905416
2786534019
2836794051
2365140987
2704658139
2017684539
2850416937
2187640593
2743859106
2409578136
2536498701
2137680549
2073581469
2470369851
2813579046
2503716849
2740569381
2350678419
2950731864
2598476013
2564978031
2347105968
2170846539
2430978156
2381574906
2058374196
2576041983
2571843069
2356741089
2680749531
2519764308
2174869530
2104893765
2347680951
2507319846
2498560137
2610985437
2784036519
2419567830
2841760359
2408531967
2179086453
2014598736
2978605143
2913460758
2104578936
2574693801
2067543189
2105963487
2487936015
2143570698
2579103648
2937618054
2315896074
2745861390
2694783150
2360951847
2348760915
2436517809
2893416750
2391564708
2568304719
2786193054
2715094386
2864015793
2947613085
2498710365
2430657819
2087436951
2670913548
2574619830
2890731465
2413596807
2106745938
2351709486
2596104387
2450873196
2617359804
2409371586
2415603798
2946807513
2587461390
2738461059
2614389570
2693074815
2189456073
2163945078
2763490518
2708963415
2789534016
2378410695
2309176548
2869417035
2817495306
2658409137
2490516738
2816350794
2601875493
2369450871
2758049361
2495803176
2403819567
2694710385
2083194765
2946153807
2578103694
2539074186
2460538719
2985047631
2068573941
2795864130
2174356089
2705436198
2091458637
2395481670
2463879051
2387456019
2610457839
2380519647
2091658347
2607598134
2076839415
2017956438
2948156037
2845037196
2849317065
2698315047
2017958436
2405936178
2170469385
2407856931
2640973158
2619075384
2718630495
2317984056
2386047915
2589314076
2507139684
2816430957
2135497860
2391706548
2679438510
2849653701
2480317659
2019758364
2857649310
2594860173
2198674305
2481357690
2047185963
2590861734
2037861945
2736051984
2437965018
2875436190
2148567390
2530764198
2546079183
2608549317
2169874503
2946871350
2783914056
2916705384
2493186750
2183654079
2790183465
2310859764
2190537468
2607813945
2513784069
2375140896
2641057893
2604973581
2103548769
2876934015
2170439568
2863759104
2810793465
2895613704
2380194675
2436789510
2680395147
2165078439
2105468397
2183497650
2019467385
2810974635
2156048739
2047183965
2061579483
2845061793
2093567814
2389567410
2385106947
2603985417
2761890453
2815769034
2467319850
2435617089
2517849036
2650918473
2976130584
2703816459
2983675041
2690847135
2367894501
2478961305
2971456038
2081346795
2041376598
2170693845
2476518930
2406738591
2594136708
2438106759
2784031569
2798431560
2097683154
2149065378
2531709486
2409385176
2056493718
2754806913
2851970643
2865074913
2385961470
2674380591
2065419387
2670913548
2487153690
2850736194
2145089673
2507416983
2647158930
2107936845
2974380156
2691435870
2918743605
2179863045
2793864051
2041963857
2370486951
2615903478
2743560891
2864730159
2160459873
2753981406
2091856374
2051973648
2380564179
2764051983
2963514807
2058743169
2907683541
2938106547
2397085614
2465809713
2159843067
2103568974
2074183659
2638407915
2056318749
2096847135
2350748619
2038649175
2193876054
2916537840
2698350147
2438791506
2406359718
2071386459
2068371954
2874136095
2796154830
2540163798
2084197365
2603481975
2639105847
2187956304
2854079136
2461597803
2841759063
2459817603
2571036489
2971856043
2614590873
2738049561
2045937861
2913768045
2734910658
2836915470
2579140863
2081356479
2541796308
2580643179
2870534169
2835794061
2495610378
2576149380
2738916450
2906817543
2734698150
2168935047
2037496518
2395467180
2567134890
2710869543
2785314069
2735469108
2684107953
2480197635
2165803794
2456087391
2965043871
2459608137
2794061853
2753946108
2018496537
2907135864
2457103869
2719345086
2098654173
2871430569
2806941357
2635978140
2680357491
2571403698
2516073849
2613975408
2430165879
2763098415
2439850716
2946873051
2536789140
2859641370
2860749153
2741059638
2584739610
2968130754
2486093751
2438971056
2938741065
2095871364
2981475360
2341078569
2317465908
2035196487
2730468915
2316785409
2586739104
2708569134
2537964018
2541639087
2469075381
2410539768
2596840173
2486315079
2951684730
2035481697
2687513904
2763541098
2849015736
2694137508
2860543179
2670193584
2651407983
2615470398
2581679430
2140765938
2348617509
2745106983
2718956430
2594837061
2597180364
2693054187
2568349107
2910548763
2913678504
2158367049
2867493501
2364950781
2367981540
2394107568
2154839076
2164057893
2479631508
2510736489
2084735169
2189430567
2916837540
2840316579
2347918650
2963085471
2816975034
2806931745
2847153609
2068794315
2593401687
2681479530
2537189604
2173904586
2381570649
2750361849
2967518403
2795486301
2047168593
2018594763
2514703689
2975480136
2983640715
2965431780
2109456738
2183576940
2543689071
2018657934
2609817543
2956187430
2975316840
2376085194
2639415870
2491685703
2658091437
2941568703
2487391065
2948675130
2054869371
2507894136
2348796015
2697018435
2074859361
2459176308
2390517468
2741365098
2083975461
2469180537
2135468970
2158364079
2789160543
2879516403
2187659043
2573809164
2780564391
2068437591
2631095874
2019468753
2784691305
2576981043
2159473608
2753641098
2451806973
2509871436
2509746318
2180379564
2368054971
2469357018
2309476581
2548309671
2571369804
2764915308
2579083614
2576134980
2351607948
2108479356
2019473865
2734189605
2891046537
2934507861
2317845069
2574139806
2084197536
2376984150
2567908314
2569187403
2659371804
2534796801
2589047136
2139568470
2956081374
2176534809
2903674581
2869734150
2651034978
2956748103
2381496750
2340761985
2957640831
2568349017
2607894351
2640589371
2891654307
2890743516
2815743960
2807695431
2854391067
2964817503
2630485179
2041367589
2837569104
2618047953
2907853416
2751496380
2760341589
2395148706
2914380567
2870951346
2701358946
2371450896
2109845673
2917084563
2543167980
2180937645
2671504983
2586170493
2547860139
2697183504
2790483561
2894716350
2046783951
2387164059
2418075963
2736815904
2067148359
2813047596
2980316475
2784359016
2780693514
2173408569
2398706541
2873564109
2876041395
2961578304
2794305816
2396807145
2637904518
2619754830
2378409651
2197035486
2457691083
2107845396
2056974831
2904361857
2361785904
2918307654
2549180736
2387946015
2613547980
2590378461
2907615384
2543186907
2183047596
2653470981
2647831095
2634810759
2908314765
2395087164
2503718694
2861740395
2031647598
2196483705
2065481793
2817950364
2840619573
2601538497
2170386495
2537968041
2798415603
2740189653
2148375960
2156439780
2684930571
2371948506
2089571463
2048697315
2805671439
2317084695
2863597104
2058964137
2731095648
2438057169
2571084963
2534970186
2548706319
2096837451
2704318695
2460198537
2673594108
2839504761
2739814506
2601397458
2051496837
2785641309
2015796384
2361504798
2539407618
2184350967
2941658307
2360874159
2375046819
2743650198
2605713489
2401867593
2963741085
2170396458
2573089146
2569438017
2836401975
2506897431
2579814306
2509341678
2378164509
2935468710
2143609857
2039641785
2794365108
2436908715
2504938761
2756318094
2035716948
2940175638
2485067391
2680541739
2369105748
2507963814
2518047639
2160794853
2149036785
2934857601
2198037546
2538419067
2498315607
2807143569
2591704368
2596407381
2963804715
2931580674
2419630857
2174605938
2485370916
2913764058
2814376905
2347086591
2570498613
2105398764
2581706934
2015738964
2031756489
2794613085
2864091735
2578403916
2168507934
2538019764
2986470351
2506379184
2765391804
2310496857
2036947158
2390681745
2650439781
2657093148
2145963870
2719348560
2867534910
2098516473
2578301496
2745086193
2689501734
2816059437
2076831459
2839047156
2710493865
2963817504
2197405836
2714539806
2347168590
2867510439
2670158493
2647853190
2658417309
2635491708
2793846015
2359140687
2916308457
2506138497
2659713084
2964108573
2143085976
2785396401
2391647805
2483901756
2750684319
2357096841
2439075681
2508714936
2197364058
2147086539
2503681947
2671395480
2347091568
2349657801
2683410975
2560384917
2746150983
2037615849
2850936147
2745306189
2654708193
2739145608
2968473105
2035647189
2513460978
2981076453
2536974801
2745180936
2480916573
2136457098
2341685970
2761039845
2901576483
2674035918
2746391580
2895476301
2571983604
2138095746
2496715083
2896450731
2416380579
2041398675
2189756304
2870691435
2510369748
2437869150
2715036984
2154038976
2419605783
2940518763
2346158790
2395681047
2637015948
2147639850
2386497015
2046935871
2439761580
2485796013
2780963541
2358946107
2619047538
2815093746
2510986347
2498507613
2890645137
2104673958
2541736098
2953168470
2843970615
2143560789
2140987365
2315068479
2079431865
2860394751
2436915870
2738961450
2074186953
2460819573
2453781690
2167038459
2053187469
2713945068
2861347509
2840567391
2984517360
2603418759
2319856047
2183965704
2497013568
2938467501
2987365041
2578693041
2863459107
2918475630
2843795601
2357804691
2405719836
2794156830
2170563984
2506179834
2168953074
2901348675
2930485716
2175694830
2915840763
2406735918
2315469870
2085371946
2764890135
2639071584
2140867359
2760918345
2935641087
2073465981
2769180435
2435896107
2936415870
2147389560
2815390764
2036587149
2583749610
2543860971
2983651074
2397645081
2048761953
2978450631
2749503816
2071483596
2946701358
2890615437
2179364805
2486057139
2947510368
2736198054
2067953148
2718654930
2109354867
2751938460
2894051376
2105968374
2568409173
2490681537
2890745163
2641078953
2538061749
2397058614
2953804176
2781356904
2651748093
2517634098
2170946538
2965713084
2508764391
2180796453
2675814039
2603581497
2385061479
2198450376
2904615378
2345076981
2058146973
2348195067
2958614703
2901436857
2847360591
2795610843
2684051973
2580374916
2804971536
2976835401
2671459083
2041853679
2074986135
2980465713
2830794651
2581079364
2917680534
2943075816
2148956073
2165837940
2798063415
2519843607
2879345610
2875609314
2659410387
2658903741
2793085416
2439108756
2791365048
2561904873
2704693185
2910748653
2698734510
2095347186
2379416085
2750843619
2791430568
2169483507
2107836459
2978534160
2598037164
2154793068
2619587340
2589167403
2615974803
2059138467
2514706839
2153478096
2489531706
2189304756
2751469803
2893764150
2341879056
2159704386
2698431570
2834710569
2671059438
2459036781
2780163495
2798105634
2943857016
2137584069
2561749038
2357046189
2840317596
2039546187
2581649703
2401379586
2976580431
2695783041
2476093158
2518769403
2587610943
2516037498
2976531048
2046395781
2865714309
2375104689
2301756498
2639154807
2517984603
2165374809
2679301458
2189357640
2413806975
2179380645
2751843069
2683415097
2601894357
2541968730
2106375849
2493871605
2150896734
2409753681
2509143678
2148356097
2641309578
2361749850
2451379806
2053641897
2307685491
2086419753
2351697048
2916053874
2937504861
2546170893
2513670984
2947306581
2703451689
2573861490
2914037658
2694358710
2590146873
2048657931
2193805674
2018349765
2051973846
2751803496
2564318907
2908513476
2593760814
2671594083
2638057491
2760859314
2539716084
2953760148
2348671095
2473185690
2793418506
2691740583
2057146389
2573614908
2906514738
2781903654
2596078431
2156308497
2785319604
2347195680
2173540896
2160985743
2986540713
2089637145
2684079153
2436710958
2597640318
2807193546
2508743916
2193457086
2516430798
2853079416
2935801764
2458973160
2897356410
2419835760
2035864791
2970516834
2714803956
2739510648
2640591378
2459073186
2184903567
2549360817
2843091765
2973168405
2415930687
2384596017
2751396480
2854796031
2479583061
2357684910
2639518740
2684357019
2051647983
2176938504
2590478136
2097543168
2501374689
2431985607
2436907185
2697513084
2584193067
2473169085
2817956034
2193045768
2569874013
2175643098
2901637548
2047619583
2016479583
2309865714
2418367095
2089376514
2157086394
2895164370
2615934708
2586743901
2830615497
2547308916
2086731495
2780459163
2864570913
2680195374
2691047358
2014769358
2075891346
2794831650
2106439875
2684390751
2071645938
2614870935
2178394506
2586713409
2316975480
2504317968
2674395108
2145083769
2567039418
2170894365
2190378465
2186039457
2630495817
2483710569
2573964018
2951364870
2749035186
2034861957
2638749051
2810634957
2193570648
2367015498
2480751963
2485309617
2736954108
2580397164
2413869057
2341697805
2681539740
2715940386
2497361085
2695038714
2065839417
2654180379
2310549678
2781305694
2487069153
2650843791
2416895037
2591673804
2830597416
2976041583
2510763498
2048673591
2364857019
2015369748
2351768940
2317489065
2594610738
2691075348
2504367198
2179563804
2591438607
2103857649
2460538791
2618450379
2170843659
2948375106
2356874091
2047365819
2530761948
2546893071
2413896057
2671549830
2401358796
2705918346
2379804516
2531897640
2954718603
2469780351
2346019875
2391475806
2891403576
2508931764
2857439160
2167840593
2715938460
2036974851
2350687149
2893045176
2130576894
2640935781
2079643518
2530861974
2936105478
2631504789
2170563894
2417693580
2867310495
2039574168
2504718963
2563019847
2609415378
2840351976
2067491385
2170645398
2684073159
2580749361
2354698017
2068547139
2057189436
2904637851
2819036754
2506748139
2340197658
2861573049
2480637519
2534807916
2419835067
2913687045
2847613905
2431980675
2195084367
2374861950
2183097546
2451089367
2548130769
2471630598
2807531649
2751903684
2874061395
2358416790
2075398641
2780136549
2547391608
2160354987
2386579140
2713506894
2791453806
2137856490
2590784361
2189706435
2710894653
2015376849
2897104356
2405319768
2681457039
2743695801
2490817356
2974635810
2593107846
2689537041
2413567809
2718603954
2813754069
2438561097
2360958147
2576109834
2601458739
2705894631
2893750164
2167039458
2984037516
2680154937
2946507813
2890476135
2986047531
2785169304
2937165804
2081653974
2107963584
2416375908
2708654913
2619480735
2763450918
2509864317
2946750831
2150789364
2968453710
2049756138
2317854960
2795360418
2137946580
2437150986
2510938764
2146790583
2071396845
2175983604
2703685149
2573480916
2746835019
2780491536
2598346107
2015943687
2458630719
2036497851
2387016954
2543107896
2598064137
2873491650
2085374961
2819074653
2746350198
2438015976
2058769431
2390518647
2698450317
2319458760
2358196740
2784139650
2791645083
2460931857
2179063854
2038475169
2638179504
2075914638
2961374850
2194587360
2196874503
2943107865
2106437985
2479831605
2679035481
2856134709
2086193754
2543810769
2389047516
2915804763
2491806753
2731608954
2957463801
2306451789
2954038761
2597438016
2576013849
2308916574
2984307561
2946308175
2671849503
2137409685
2817654930
2378694501
2719536480
2967183504
2196074835
2960734851
2013784695
2346751089
2506819347
2596380174
2576109384
2510837649
2615943087
2906358174
2719085436
2751439806
2953814670
2157934806
2561078349
2869304517
2345091867
2903578641
2854391670
2193865047
2039847165
2710386549
2651084739
2697401853
2513678940
2536841709
2870465193
2196504387
2910648735
2516978034
2304796185
2168475930
2673598104
2731486095
2817590364
2641075938
2617890354
2564389017
2813096754
2178630945
2175983064
2395418760
2817930564
2543689071
2648095371
2638745190
2348951706
2948137560
2695703184
2837964051
2916875403
2490617538
2816475039
2643809157
2174603985
2790156438
2340968517
2198473056
2708639541
2498056173
2410753896
2016359487
2894763501
2964031785
2653907841
2579631480
2769841530
2809657431
2934851706
2340156798
2803671954
2014537869
2814759360
2961780534
2983164057
2850396471
2495836017
2573146890
2067981435
2134879506
2685097413
2316850497
2475813069
2470689315
2936841507
2351784690
2053619748
2608971345
2580149673
2765394801
2654731809
2743158096
2614307589
2913748650
2018476935
2159368047
2490315786
2065849317
2156378490
2576984013
2715048963
2638974051
2136045987
2473586901
2653740198
2375068941
2130485769
2654830917
2497163058
2693108574
2019658374
2817436509
2973085416
2369540718
2837594601
2804619753
2863709415
2381479065
2931648705
2018564937
2765830194
2140675983
2059871634
2853417906
2618957430
2675104983
2641307895
2681935740
2987465301
2415830679
2531678409
2146587039
2451369780
2743869510
2897613045
2743098156
2471603598
2014793856
2508643197
2761943805
2163057498
2891456703
2638745190
2309417685
2835970614
2305916478
2835079614
2407681593
2908347165
2587431609
2706948351
2084961573
2396501748
2781035496
2584370619
2930685471
2869043157
2093758416
2519403687
2561473980
2673098541
2051963487
2907158364
2896431750
2540819736
2671534908
2310645987
2079546813
2643895017
2690473581
2471690538
2169470358
2781496035
2847539160
2340167985
2783641509
2075139846
2741596830
2953781406
2569701843
2685043179
2839715604
2105369847
2897361405
2863591047
2653718094
2381769045
2864097513
2376950814
2506341798
2706913584
2769301485
2315074869
2397015846
2698150437
2534978106
2845963017
2904761853
2765938401
2086935174
2764598301
2691073458
2956713804
2951734608
2576430918
2386915047
2674105983
2043765918
2493085167
2641795308
2014938576
2156039874
2685034197
2674513809
2364108759
2986043175
2735604918
2635071948
2863197054
2034896715
2340615978
2547863910
2508173694
2548967310
2734180659
2731540698
2701936845
2507439861
2035647918
2370549816
2461930587
2345970186
2768051934
2687051934
2063158749
2854319760
2576084931
2465710839
2513094678
2165894307
2946731805
2345978601
2843517609
2753149608
2649380517
2164758093
2147936508
2417659308
2796013485
2718036495
2407813659
2374086591
2730864915
2934158067
2940813756
2639750814
2897405613
2318795046
2496750138
2874059316
2438075916
2139480765
2948716305
2045719368
2184056793
2893074156
2864375019
2839174065
2765431980
2176508394
2946183057
2584036197
2189403765
2813764059
2867593401
2907548136
2815734096
2093857146
2860739514
2951836047
2079851436
2879416035
2738619405
2871094563
2680491357
2637019548
2893460517
2658791034
2473516908
2780593164
2136045897
2364071985
2694185073
2758910463
2835640971
2416795803
2578901364
2643198075
2841375096
2470953186
2073519486
2917835604
2801739546
2679354081
2015796384
2183970456
2496810537
2179638450
2496538107
2367190584
2659018347
2470863195
2718356904
2570183469
2594168307
2834059167
2568194370
2605791384
2630481579
2376148905
2516708493
2578409163
2401786953
2358104769
2198670435
2930864571
2834079651
2143967508
2791380645
2064817953
2906783514
2543618790
2984510736
2617450839
2354106879
2685437910
2809156374
2839104576
2504173896
2569783104
2891075463
2086341579
2158609374
2437068195
2435819067
2930758416
2053649817
2436587091
2397516048
2641059387
2741936805
2584617930
2017986453
2681473590
2380479156
2308619754
2561834079
2584901763
2075481639
2184903765
2540698731
2354716089
2476180593
2501749386
2730196548
2793401568
2436079851
2045987613
2395147680
2859301467
2950486371
2041568739
2516097483
2679135084
2153740689
2736548190
2973415608
2019635487
2893410567
2038169457
2068419753
2109378465
2430956178
2610473895
2453160897
2190475683
2186579340
2461390875
2786154093
2501946738
2145968703
2458360197
2540378619
2058134697
2067954138
2013985467
2705816493
2319845607
2134957860
2695104873
2749563801
2567849310
2356710948
2748961350
2975683041
2380954167
2673814059
2345961708
2169578430
2741380956
2658743019
2351486907
2081745693
2596347018
2514790368
2175309684
2561347980
2547690183
2514078369
2951780634
2415860379
2310786495
2598364710
2786419305
2957108634
2609347815
2176390845
2391674850
2948160753
2398601745
2703415698
2851937640
2069178354
2976153840
2964507831
2941658037
2465309718
2471836590
2391487605
2689740531
2510379486
2307954681
2935680147
2351647890
2815364907
2675140398
2130975684
2794185603
2579308461
2687490513
2146803795
2986351740
2961853740
2974038651
2738140596
2014869357
2718064395
2768305419
2614387059
2390518467
2981703465
2571684093
2139476580
2680971534
2657183904
2943081567
2591748306
2706483915
2905867134
2759830146
2716409835
2901345876
2935418760
2098137546
2381496075
2601483597
2473918650
2419653087
2345791086
2684790135
2583790416
2578601349
2183654790
2086413597
2071839465
2096543178
2983451670
2807135964
2165934078
2764539081
2390578461
2310984675
2794165308
2196854037
2539807146
2063147589
2038659471
2650948137
2087936154
2319807564
2806593174
2839761405
2479068153
2540916738
2563908471
2783054196
2769851340
2837501649
2698034157
2539160478
2673185940
2758094316
2194567830
2351084679
2649350187
2107953684
2709534186
2350148697
2486913507
2139478506
2750941836
2798450136
2048173569
2463089571
2861907345
2183579406
2367801945
2980631754
2514083976
2879654130
2475936081
2017649835
2613950874
2490768135
2901374685
2903546781
2105698734
2490135876
2708941356
2954678310
2450763981
2106374895
2873601549
2157804369
2596108374
2713564980
2936148570
2718356094
2954078631
2468305179
2360571498
2347186509
2857901364
2683140957
2853794610
2735410986
2610578349
2083145697
2709346851
2076981543
2085637914
2045976183
2017869435
2053918467
2456801937
2368574901
2146937850
2374186905
2405679318
2789501346
2089315746
2568174390
2184659073
2930768145
2168054973
2319546780
2618495370
2486510397
2518709436
2179048365
2419308756
2361957804
2673594810
2431576098
2693781540
2407316598
2589470613
2685740931
2160398574
2403965781
2631047589
2106935748
2805761349
2745896310
2941375806
2183694750
2345187690
2075483619
2085136947
2640891375
2308764195
2508941637
2940135876
2865073941
2843195076
2659437801
2951703648
2735964081
2670934851
2301685479
2560931784
2359184706
2519786403
2359407618
2450637918
2867053491
2630851974
2641980537
2971045386
2641895307
2076145983
2053781649
2391054678
2541309678
2698401735
2134756908
2610589437
2435196087
2357841609
2759146803
2563074891
2195846037
2516437980
2076594183
2593410678
2490316578
2087914635
2501436879
2385964710
2867390415
2981503746
2401857396
2873906514
2038194657
2706358914
2680459731
2504987163
2370581649
2067319854
2951604378
2408613957
2950873461
2541637980
2395184760
2753401896
2780495316
2570613894
2093681457
2791046358
2587094136
2675810493
2673158049
2163874590
2047186593
2958073164
2540891637
2493518607
2134890756
2384065971
2875301964
2835479610
2163847590
2467581093
2645813097
2905673148
2856314790
2168437059
2567034189
2185974630
2361907548
2930687451
2678154903
2837156094
2078315496
2931705864
2531476089
2597013648
2953104867
2746538109
2917463508
2709146358
2783450196
2451379860
2019376458
2740139856
2378651094
2413570896
2038976154
2456319807
2406735819
2546913078
2745180693
2634178950
2376894510
2073546198
2946837015
2437901658
2758914360
2386701549
2960753481
2430951768
2315784690
2586103479
2563941708
2365871940
2596174830
2470583961
2097586314
2640138795
2851096743
2091437856
2673418509
2876190453
2483167950
2597634180
2704351869
2517386049
2184067539
2814560397
2693187045
2013869457
2806947315
2576801394
2049587631
2017459638
2103785469
2107693845
2637954108
2097863415
2706981534
2791534860
2734985016
2156839047
2130697548
2073465981
2918607534
2461579038
2756819430
2491805367
2534076819
2657419083
2480679513
2716049583
2714638509
2184970365
2610754893
2406359178
2784915630
2895630417
2650743891
2978065413
2516438709
2309845617
2049678315
2638017594
2640378195
2568703419
2485617930
2619543780
2471863905
2065783491
2469158370
2593476108
2951836074
2651739480
2857364091
2061594783
2437168509
2953780461
2704389561
2065481379
2047861539
2890715436
2071356849
2649015738
2176390458
2856107493
2165438709
2587036194
2451830679
2810693754
2654371908
2948731065
2059143876
2067485319
2564310879
2617809453
2370914658
2173406958
2396870154
2607439815
2691387054
2308754196
2136549708
2541386097
2580734916
2840795613
2740695318
2317504698
2045681379
2381076459
2857463091
2089157346
2564791380
2579106843
2165809347
2186347509
2798651340
2184370965
2471608935
2709183465
2864710593
2895670314
2956401378
2386904571
2145360879
2091465837
2763895140
2781390564
2891357046
2947850136
2046573819
2869041753
2754931068
2074183569
2098754163
2451890367
2819365740
2071938654
2547091863
2930564187
2963814570
2810653749
2179450386
2415306978
2548031976
2017935684
2061457938
2735910648
2071436589
2815460793
2580417693
2816097453
2147506938
2974630185
2105834697
2354971860
2789543106
2670543198
2578106394
2453610987
2173549860
2310785694
2490751836
2186740935
2186059374
2561349078
2178359460
2613987405
2657904138
2630179845
2061378459
2738059146
2705419836
2130875649
2736140859
2941780653
2517380694
2407186953
2816340957
2785964301
2745396180
2748901536
2745069381
2034819756
2741938065
2874065913
2063195847
2056418397
2783156094
2790435168
2539084176
2840153976
2079614853
2584691370
2785063149
2691735804
2157369048
2514086937
2907143586
2175869043
2956307418
2918753604
2481530679
2075641839
2139458607
2319760485
2350687914
2481039765
2570419683
2197834065
2953148067
2043695817
2853947016
2074861359
2587013694
2615098473
2961083754
2089143756
2613750489
2835679401
2576490813
2358096471
2106358794
2093654871
2501786493
2196845703
2364059718
2874531609
2651073498
2948057631
2089371465
2937541608
2897516430
2761594308
2168375490
2958367401
2095463718
2745083961
2460381795
2451978603
2180935647
2801934756
2183906745
2679304815
2539071864
2531840679
2369870154
2547083916
2749510638
2837045169
2536908174
2415893076
2951730468
2470315968
2941087536
2198657340
2736514089
2461078539
2869431507
2631075948
2567384901
2654189073
2809153467
2793086415
2410967835
2907458163
2038195746
2345896170
2031498576
2314650789
2560947138
2563014879
2075836491
2750849613
2605938471
2864391570
2368197504
2075984361
2935061487
2943781506
2569731804
2813409576
2379540681
2401965378
2918043657
2037145896
2659387410
2018634957
2439708165
2680531947
2064813795
2058671394
2381564790
2057493816
2367410895
2073891645
2509461837
2745613890
2053869147
2537189046
2987430615
2584961073
2509178463
2678910345
2506378419
2543608791
2853074916
2169374085
2713490658
2387901465
2974861350
2068153749
2341857690
2081945376
2671439805
2083576491
2476380195
2537940186
2594310876
2054831769
2578309416
2167850349
2710965384
2761394058
2384061579
2854769130
2735061498
2843160957
2685703491
2859301467
2369475018
2178936450
2564307819
2891456307
2716035894
2137065498
2480569713
2615738409
2643789150
2038415976
2543671980
2984317056
2618953047
2816073594
2407895613
2174068395
2419635780
2385471096
2168574039
2640853791
2960851437
2657189043
2106849375
2470198356
2791546038
2856034791
2175936840
2670938154
2913784560
2483651907
2107485396
2197354068
2896743015
2197035846
2704693581
2957043816
2874963150
2197463058
2346708159
2813750469
2509134867
2061853479
2476083951
2803456179
2735860149
2831570964
2379864150
2619804375
2403859176
2841369705
2917356048
2384069175
2587943610
2897315640
2136478095
2794036158
2847365901
2814705936
2685413709
2936784015
2704136985
2986574301
2603415897
2580174396
2148096357
2498056713
2618437590
2175980436
2409586371
2506948731
2431709658
2349685017
2570648139
2480315796
2475608319
2563814907
2470398165
2894137560
2578106493
2513469708
2173946508
2710385964
2013795486
2079865341
2539741608
2461978035
2810439675
2635974081
2631850497
2579860134
2541067389
2175603849
2658091374
2316457890
2134068975
2769104835
2761835490
2496735018
2947581306
2918607543
2704619358
2578139406
2075639418
2607148539
2914783560
2130786954
2791304685
2318605479
2439518076
2895013674
2384975061
2146730598
2387965041
2509417386
2619738540
2954368071
2173568940
2951764308
2761893504
2409315768
2064879351
2314897506
2034619758
2014693758
2813957064
2354786901
2546917083
2695304871
2853096417
2765801349
2803547196
2081967534
2807941635
2765480913
2610874359
2946870315
2839470516
2308156497
2506893147
2943086751
2439615780
2517896403
2610957348
2306547918
2463790851
2341957806
2510398764
2469578103
2710456389
2093674158
2309671584
2508374691
2314680957
2687950341
2510973846
2106748935
2896735041
2804693751
2941073658
2517603894
2347168059
2750943861
2839416075
2378961504
2758430916
2469853710
2361485790
2369107845
2583067941
2548970631
2340675981
2501396478
2051879643
2971056843
2054617839
2367948051
2945681037
2084179365
2147538906
2791635084
2073961845
2508974163
2197364058
2789310564
2045167938
2968374051
2803165794
2498703651
2406578913
2019637458
2967134508
2783190456
2930781654
2783591064
2350876914
2905416378
2968314570
2193506784
2368074195
2491073658
2946130857
2918376504
2438917506
2143597086
2549670183
2358169047
2317405869
2479850613
2708531946
2018645739
2637098451
2067513489
2749658130
2469758103
2401637985
2781564309
2716350498
2497501683
2547196803
2498710653
2098314765
2906158473
2147805396
2074891365
2716450983
2149568370
2753169840
2819354706
2509631784
2894576310
2968731540
2549361708
2754398160
2107348596
2567910834
2364917580
2549681073
2517698430
2509348761
2907863514
2093765814
2673490185
2341967058
2058643791
2586410397
2841536790
2640958713
2107564893
2069481735
2018937645
2836904175
2937851046
2185943670
2589603471
2509174836
2964307185
2760138945
2705619384
2043581796
2380174695
2418306579
2670984351
2987361054
2913086457
2561439078
2691485730
2948561703
2405863917
2086971345
2046937815
2351460897
2719063845
2487153960
2679305841
2581046793
2791046538
2908743156
2739654081
2901875346
2509146783
2916307548
2375106894
2971563048
2861970345
2406973518
2974830561
2370841569
2059347168
2147608935
2651780439
2159704638
2389645710
2046157389
2910734658
2569137804
2496078315
2360784951
2815790634
2189706435
2036419587
2678950134
2140375689
2160753849
2469085371
2896435017
2845790361
2184930765
2894617035
2687051493
2349715806
2193065847
2054368917
2941067853
2408176359
2817946350
2036495178
2391567480
2073481695
2951783640
2403158967
2947605813
2974106538
2017634958
2875910436
2439516780
2069475813
2384059716
2641095738
2473960815
2890635174
2357408619
2840391675
2861053974
2816409357
2308675149
2148305769
2506948371
2701845639
2307149865
2357689401
2034659718
2509176384
2597163480
2956037184
2650731984
2841690375
2650794318
2405876319
2897354160
2761405938
2704856139
2635190847
2789463051
2587304961
2974653081
2741950638
2354619078
2697015843
2857619403
2398176504
2481759630
2109368547
2167948053
2603891547
2468539107
2159408367
2419063578
2980135764
2063815794
2361084759
2803167594
2708194536
2704869135
2358401679
2957160834
2195067483
2461975803
2196480375
2073491658
2489731560
2408153976
2971805634
2538764109
2057698314
2061583749
2640831957
2941507683
2547186093
2174095836
2314890567
2685341079
2841637059
2078694513
2409678513
2019654378
2043756981
2891065734
2783509146
2354189670
2635847091
2573019648
2671350489
2537698401
2617095348
2319805467
2486390157
2341867905
2573890146
2741369508
2619507834
2103684759
2149056738
2619035784
2839046751
2605974831
2943578601
2865139704
2680591347
2683149075
2693085471
2134658907
2901546873
2310594786
2175648930
2173064895
2319507648
2357048619
2361879504
2451679380
2160493857
2847693150
2180965473
2678139045
2314059768
2513407986
2613098547
2034861975
2140386597
2840765193
2965073481
2801456739
2345196780
2539064781
2567309841
2104573689
2694108537
2475168309
2694851037
2485301697
2459138670
2731965084
2541369807
2841976530
2736041589
2041693758
2078135946
2460981735
2143896570
2841695370
2034869175
2731849056
2894613705
2859147630
2065784319
2179586430
2789415360
2893157640
2534801967
2160587934
2506193487
2516873940
2834170659
2751068934
2608354719
2651074398
2187503946
2147698305
2053946781
2564079318
2018937456
2374916580
2356179840
2451738960
2580943761
2953684107
2460135987
2106954378
2490167358
2569374180
2709861345
2086317495
2167045983
2978643501
2596347108
2365019748
2349681705
2761389054
2571408963
2716458930
2150694837
2153790684
2089743651
2546703819
2469705138
2541389670
2498371056
2897061534
2687594130
2957804361
2071653498
2430981765
2501836794
2940378156
2816953047
2865734190
2538074691
2593618470
2874961305
2638149570
2158437690
2598473106
2176594830
2451089673
2670589134
2876519304
2019758346
2673840951
2698514703
2560879314
2957864031
2506479183
2394186570
2730581694
2137569084
2619053784
2934768015
2475081963
2341569078
2654081379
2948153670
2035641798
2076384519
2948630751
2038617495
2903647581
2760835194
2053618794
2986473510
2849537016
2478056139
2946870531
2809375164
2751860493
2950734816
2687490513
2179580643
2784931650
2831645790
2546938017
2394108576
2453076189
2309861745
2769351480
2461789305
2417538609
2168597034
2894163507
2691743850
2469317508
2413756890
2534867901
2437108956
2340175869
2691740538
2741539680
2461350879
2708954613
2870391465
2580167934
2354890671
2107659384
2410968375
2751809436
2543710869
2879346105
2193078645
2437109865
2710456938
2675398014
2803514679
2681590437
2961508347
2540837169
2794813650
2380465917
2801476395
2147958630
2419037586
2109643875
2761450398
2817539046
2754890136
2036897514
2596013748
2508647913
2609357148
2680417953
2958731064
2589064317
2578061493
2095387614
2140798356
2806451379
2186397045
2751403689
2145607398
2693548071
2307851496
2435906817
2138059746
2675184903
2783964150
2634178905
2364705891
2150978346
2386145079
2496315087
2317864905
2563719408
2549086371
2674813509
2064378951
2183495706
2613084957
2673981054
2917054368
2893145706
2397165408
2614780359
2731645809
2709451683
2497803561
2380169754
2598674310
2351746089
2816573490
2056419738
2963807154
2708541963
2351406798
2467598310
2873910564
2409136587
2189057463
2564197038
2048159673
2406815973
2815479630
2983650147
2109436587
2384651079
2185093746
2650914837
2571398604
2306785914
2680345197
2638951704
2894137650
2159308746
2091538467
2560931478
2709318645
2413058796
2506139478
2914637058
2907615843
2637459108
2413907568
2953071468
2316508794
2508496371
2143967850
2583416970
2187304659
2468713905
2795680314
2430187965
2458301967
2376584190
2536948170
2465079318
2651974803
2158730496
2607194358
2941076538
2741398065
2591406837
2069754381
2107564398
2163054879
2145903786
2059347618
2140957386
2975083146
2916305487
2061493785
2341850967
2039856741
2307984516
2043975186
2703684591
2715498360
2396084175
2807641539
2386917405
2154983670
2940653187
2461078539
2169548073
2653017489
2590714368
2714608359
2805736914
2546819073
2376891504
2905831476
2694053187
2971865304
2581973064
2870591634
2371690854
2806341579
2785361409
2895017436
2867054931
2845193760
2534901786
2158740639
2597613084
2167083594
2614597308
2695134078
2175968340
2967134058
2648315709
2784391506
2069135847
2345768910
2890435167
2089417635
2168497503
2738150946
2319407856
2317469580
2386749105
2874501693
2359748610
2504196387
2584196730
2905713486
2316984750
2803517469
2186795043
2057984613
2807546931
2193847056
2718635490
2609318457
2756189034
2510463879
2851394760
2394651807
2076418593
2794103865
2134805967
2108364795
2043156987
2495813076
2958461037
2673015498
2348619507
2478150369
2641937508
2146578093
2709136458
2457309186
2708395461
2630148579
2013895674
2780569431
2798513604
2519078463
2158430769
2915743608
2704813569
2875306419
2789054136
2963408157
2760489513
2830156794
2049316857
2754196308
2375014986
2834967150
2063481957
2043795681
2503791846
2768401953
2046193785
2195874630
2479853601
2076531984
2183645790
2896540713
2430578916
2509674183
2418573609
2956134708
2608175493
2693504187
2701845396
2079835146
2097631854
2173564089
2583790461
2894650137
2710849635
2764830519
2918476503
2604938571
2091857463
2571894603
2371496805
2356741908
2760934815
2169540837
2196580437
2175096834
2580493617
2659803471
2546137908
2489513076
2754183690
2530978416
2805971463
2435896701
2516840397
2743581069
2913647085
2309546187
2906375481
2034961785
2981304756
2164305879
2750681439
2173690458
2967835014
2738910654
2146589703
2403968157
2584371096
2195867430
2986340715
2945016378
2870345916
2354971806
2749613085
2609475831
2795180643
2681039547
2468135709
2908745613
2374901586
2513084976
2594306178
2789051643
2793408165
2831674059
2437096851
2815637940
2781394065
2461539807
2986430715
2409815736
2415376980
2436978105
2956301874
2067138954
2415896703
2041895673
2194056837
2658407139
2150396847
2593804176
2369415708
2480316957
2417653098
2910875643
2075489631
2871305496
2647153980
2054379618
2763908514
2085613749
2475091836
2147038659
2843096715
2854036179
2139450876
2107864935
2750839461
2580763419
2309761845
2687143905
2941580763
2876349051
2765304981
2847136905
2931457068
2391678054
2534609187
2183960457
2538019764
2496513087
2704516389
2154398607
2139076548
2567081493
2908136745
2540367981
2591346708
2043569178
2536480917
2390165847
2157498306
2486157903
2706891453
2918305647
2076948135
2864570931
2307495861
2734518609
2816540793
2957463801
2467580193
2760589314
2713964805
2716098534
2013897654
2754869103
2987106543
2350967184
2059438167
2561309784
2471689503
2658304791
2837456901
2964305781
2094753168
2085167439
2135087964
2491875036
2390451867
2416790538
2783549061
2319705864
2037486591
2947358016
2184563097
2973056814
2478163950
2154687930
2617354980
2083679415
2508934617
2896075134
2406739581
2689745031
2976583014
2098563174
2735980614
2718543096
2914630587
2874651309
2781690543
2753981640
2518709364
2603491587
2894715360
2947168305
2507869134
2397841056
2348195760
2906375481
2854630971
2836945017
2569840713
2761948305
2740189653
2759068134
2306915478
2057139684
2196750834
2047358961
2641873950
2976401538
2789451360
2194305678
2378619405
2973865410
2589630471
2743091856
2936718540
2510687934
2043859167
2160593478
2369051874
2059641783
2538740619
2416735089
2548317609
2915480736
2735169408
2867049531
2091536847
2790415638
2578934106
2768390541
2508364917
2539410678
2549160378
2658074193
2803571469
2507498136
2973546018
2074869351
2501794368
2174068935
2785039146
2538401967
2680135497
2613480795
2958016743
2806793145
2940876513
2506713984
2098376451
2793856140
2974516083
2694358170
2793804516
2139540768
2586940317
2681493075
2546908713
2570619843
2549831607
2643970851
2804973516
2796143085
2438109576
2718403695
2190834576
2648035719
2853691470
2671308459
2396754018
2675849013
2430519876
2748936501
2567903184
2547031986
2714083695
2906431578
2586714039
2651340879
2094367185
2375816904
2815943706
2746935801
2864017359
2538041697
2374961085
2738496501
2795806143
2346897051
2841369507
2415789063
2401687359
2571698403
2389156470
2307659841
2975406183
2186073954
2678453019
2496378501
2803495167
2597614380
2839175604
2751390486
2697145038
2976031458
2897163540
2340751698
2938016745
2873506941
2938150746
2164039758
2316754890
2501697843
2135796084
2075863419
2756849310
2058146973
2973801654
2073891456
2483750619
2783051964
2087953416
2517690438
2608514397
2635187940
2365017948
2437951068
2807495613
2693807154
2916347085
2675394018
2938640751
2034798516
2798136504
2084531967
2734051869
2058943176
2638154097
2547193608
2601538479
2638104597
2631978450
2058476319
2591746083
2897310546
2604835971
2847509631
2870394615
2905431786
2804136795
2753084916
2096581473
2763158490
2035649781
2035648719
2481736509
2097538614
2160879354
2467598130
2016753489
2175906843
2031684795
2103794685
2948713605
2940387156
2980756314
2074965381
2681450793
2968014573
2641037895
2936854071
2709386541
2079635148
2706458193
2314576890
2387954160
2674958031
2603974158
2904576381
2694037185
2734086591
2746190835
2174835069
2178634509
2183479065
2468073915
2605143987
2406187593
2193856074
2856471930
2541389670
2503647981
2860354179
2178496530
2301695487
2597048136
2467581903
2893671054
2506943178
2574169803
2763018459
2360798541
2153784960
2370654891
2187653049
2436750891
2948057136
2163740895
2540637819
2604598173
2196785340
2375491608
2170534968
2157486903
2856941307
2183645079
2947586130
2546739810
2394708615
2364958710
2394156807
2103645978
2805137694
2485193706
2471683950
2871596430
2830154679
2073618954
2945860731
2516403789
2406351789
2751684093
2743895106
2865174390
2547380916
2894310675
2745098361
2673819450
2379016548
2985763410
2596873410
2814609735
2984715063
2701986534
2410573869
2867513904
2745690381
2043561789
2574368190
2648793015
2798145603
2047916538
2386074195
2068493517
2596480713
2345971806
2436097158
2351470968
2168709543
2435871096
2538719406
2631745098
2305679418
2640381957
2740651938
2691307485
2507493681
2319578640
2617408359
2057643819
2069547318
2960834751
2501736498
2593867014
2985036471
2364170985
2978043615
2594817603
2567809413
2360491875
2093874156
2741053968
2863015479
2048576913
2814569307
2819647503
2617508439
2693074851
2739168540
2584916073
2530916784
2158739406
2586973401
2865134790
2018795436
2731095486
2358670941
2754063189
2718069435
2893451760
2947185360
2460985137
2478109563
2537469018
2310865974
2819370645
2398650417
2694308157
2573890641
2153798604
2530976184
2084761953
2096371845
2584796310
2806547139
2759041638
2618035749
2948361075
2140567893
2745680931
2657430819
2375098461
2083476591
2753804196
2984306751
2384695017
2569043187
2768041539
2489056137
2913058764
2907534618
2718064359
2931650847
2630174589
2139608547
2185034769
2398074165
2306417598
2809453761
2150649837
2108756394
2619874053
2463819750
2346189705
2316450879
2751604983
2710384596
2840967315
2918574306
2679501384
2360847195
2358604719
2819647035
2716395840
2570816439
2741306598
2059364187
2954860713
2085947316
2083574619
2385970164
2473905618
2063417598
2093765841
2387145906
2359046817
2571069483
2847659013
2814736590
2367159048
2987536041
2413670985
2049567138
2745368910
2430617598
2751689034
2648905371
2951736048
2947356108
2016754389
2419536807
2149687503
2918034756
2815370946
2108967345
2146308579
2386519704
2617093485
2038756419
2479651038
2675814309
2196387504
2469851307
2864593107
2498601753
2587649013
2391065478
2054387196
2157389640
2645039871
2169357048
2791035846
2913607845
2687130594
2649107853
2497083516
2416098735
2918570634
2914537860
2509174386
2861709435
2943187605
2431705698
2019654387
2389761045
2873905416
2351640879
2349607158
2378054169
2175804693
2704581936
2537089146
2609183547
2079648153
2361958470
2149073586
2560749138
2349157680
2045197386
2137986405
2347095681
2984153067
2087341659
2567091438
2497805613
2765841093
2867934150
2396478105
2078139456
2670394851
2807643159
2716594380
2417590683
2430978165
2680915437
2610849735
2064358791
2908176345
2791683054
2873065941
2538167940
2314859706
2684930175
2370491685
2806914357
2853970416
2987015364
2075648391
2539861704
2086193745
2851906374
2903478561
2359047168
2691584037
2463809715
2870946135
2783640591
2318695704
2816497530
2617354089
2867951403
2378104569
2905634718
2910846537
2618497503
2810493567
2609738145
2510396847
2864901573
2901873645
2671409385
2419356807
2037689451
2581936047
2836054179
2605783194
2930768514
2536890741
2153608974
2301569478
2137980465
2137509864
2987413560
2016984537
2384705691
2630758419
2875163409
2973610854
2765104398
2589046713
2465307981
2097651438
2531946078
2906587413
2145693807
2410693785
2318506497
2584361079
2367485109
2041659738
2094375168
2187630594
2937468015
2163795840
2460315798
2164793580
2685341097
2804396175
2940876153
2154697083
2591706834
2305416879
2810654937
2068195734
2134590687
2068359417
2095371846
2867941305
2758130649
2593480761
2163847950
2368510749
2501864793
2547039168
2317409865
2186573904
2803175649
2531796408
2935476081
2607931584
2731864590
2904361758
2014865379
2386941705
2096738541
2489563071
2473016958
2197863450
2091734685
2091435786
2013547869
2748305196
2371654098
2730698145
2790365841
2671580943
2154690738
2781649053
2163580749
2068974135
2798563410
2784931605
2015863497
2907468135
2473596180
2549367018
2314907685
2305748691
2893061754
2653940817
2304816975
2695318074
2637981450
2513094867
2109354678
2876590431
2435791860
2835416079
2035481967
2970384615
2058967143
2316095847
2897506314
2714035869
2573084169
2063895174
2957136840
2503968174
2079548361
2539478106
2105743689
2471056839
2180574396
2015463798
2384750196
2596807431
2385970461
2691573804
2054679183
2769548013
2687149503
2953014687
2346970581
2987431056
2748619530
2358746910
2709346158
2837659140
2746109358
2719450368
2917046583
2084395176
2517806943
2486195073
2781560394
2503469187
2581970634
2745908136
2083915467
2765413089
2301987546
2078154396
2951376048
2713859460
2671450839
2860135749
2679583041
2039416758
2468759013
2716405983
2165749380
2975308641
2385410796
2739815064
2870639415
2409761835
2760941835
2613047895
2593640871
2813976504
2809436157
2917864305
2937501486
2931587640
2589103647
2578439160
2180479356
2701569384
2984136507
2580463197
2138067594
2853749106
2765349018
2807963451
2493817065
2137684950
2674891053
2179840536
2509384617
2784613059
2591640378
2714065983
2185367049
2413568709
2480513796
2690548731
2805974136
2318096754
2348190765
2907643815
2678904351
2059687134
2568971304
2093471685
2894651037
2157493860
2473809156
2653740819
2017694835
2065139847
2935170486
2435610897
2593706814
2406597183
2795831604
2036819547
2483697105
2743506189
2631085479
2598106437
2180453796
2819035476
2197043685
2439681705
2840567193
2349817605
2785394061
2350964817
2359687104
2640975831
2348951706
2058174396
2684913750
2194370856
2106938547
2036751984
2609587143
2945187063
2804375691
2706458319
2190475836
2359618047
2358076149
2785941306
2539140867
2689317045
2876501934
2540983617
2405376981
2365140879
2418796305
2317860945
2486530917
2457619830
2846597310
2896037415
2418560397
2437069581
2910465783
2730891456
2687513940
2319548670
2610538974
2978516403
2734086915
2690743518
2347965801
2064913587
2435689071
2647158093
2495016738
2807463195
2670918534
2890376145
2734610598
2540793186
2680945137
2083697451
2615978430
2367510849
2594108637
2536041798
2795680143
2657391840
2850716394
2503964178
2159738406
2084371956
2136509748
2340681597
2687105394
2143075896
2549067831
2830174956
2754803169
2950346178
2637854901
2784165309
2038517964
2189603754
2476938510
2951786403
2580143697
2195407683
2190487563
2495860317
2186309475
2354967180
2716903845
2167590384
2183570694
2975346081
2710963485
2301987654
2685397401
2056791438
2514986730
2309145786
2695017384
2194573086
2697850143
2741803596
2615734098
2579840361
2579061348
2641789530
2567983410
2059647831
2815097346
2316507849
2179065384
2309518746
2367059481
2698570431
2507814639
2870693415
2694358071
2097536418
2571089364
2301659784
2578643091
2398561074
2956403718
2648571093
2965074183
2469308751
2419653807
2971403658
2158406793
2548016973
2534981607
2517036894
2943871560
2761493850
2038495761
2765349810
2786195340
2983401765
2310865497
2135908674
2036149857
2076895143
2173854690
2537961048
2369518407
2715489360
2784510639
2548306971
2651048379
2470968513
2083475196
2086159743
2967318450
2609417538
2370159648
2739461085
2683519470
2049716358
2685917043
2567904318
2158647093
2036584971
2340856179
2935147806
2093146578
2178043659
2748103596
2513804796
2560187493
2954017863
2869504173
2195768034
2178349650
2601349857
2481057936
2905731846
2674385910
2953618407
2069845371
2904587361
2698154037
2791048365
2049756381
2315764890
2850739614
2347985016
2314689507
2037641895
2504968173
2479351068
2850916347
2039568471
2356789140
2469813570
2641970853
2698145073
2971603845
2371498650
2410359678
2156978430
2406957138
2834901657
2815490736
2169873045
2613854907
2891407635
2471695830
2953408671
2316908574
2095481736
2786305941
2876594103
2758164093
2836195470
2017483695
2789514306
2617583940
2735169840
2063497581
2507694183
2459307186
2518064739
2301876945
2106483975
2906347158
2185743609
2139580764
2064571938
2653917408
2708456319
2596814307
2538496170
2639478510
2405378169
2763490518
2103648975
2640193587
2153689470
2349058716
2408956731
2178435096
2806913457
2807354961
2958374061
2619437085
2530714986
2435860197
2473159680
2816745390
2380914756
2487513096
2518034976
2709531846
2138497056
2150943687
2951478603
2859163074
2905783416
2743809165
2963504781
2894750136
2164837509
2391784056
2150968347
2754061389
2706834951
2791634850
2783506491
2506837419
2975301864
2147503698
2563489701
2694153780
2645190378
2179038654
2891543076
2846710395
2516830974
2361078549
2059418736
2496571830
2019475638
2403617958
2147983605
2534167809
2509168347
2045981763
2319054678
2981645307
2439570816
2689057134
2604879351
2064795318
2103874965
2813476905
2815637940
2485691703
2958673014
2348059617
2631859470
2167390854
2381760954
2318405976
2173405689
2841639507
2694103587
2139047658
2835769014
2765814039
2489307651
2679451083
2709813465
2146309578
2146307589
2903167584
2648905731
2839461057
2193785406
2980741563
2356710948
2314890657
2547961083
2891346570
2415639078
2906145837
2357804961
2576019843
2053748916
2970536481
2457903618
2850931674
2083719645
2974168530
2896470513
2496150378
2593084617
2968471350
2364058719
2163859704
2574613089
2915637804
2014596738
2671089543
2863094571
2346098175
2834175690
2048976153
2849506137
2743081965
2809637451
2036497185
2507841369
2690481735
2940378156
2861793450
2639740581
2431097856
2536018749
2485067913
2746931805
2856043179
2680397154
2105348967
2375496810
2879014356
2619540837
2967541830
2735860194
2709635814
2195830674
2863795041
2501978364
2316980574
2460378519
2179485036
2459813706
2967108534
2349751608
2653809174
2486531790
2764083915
2351876409
2701865493
2138690754
2357496108
2143096875
2814706935
2096817435
2849357160
2973615480
2105439876
2710896354
2387109654
2387560491
2731584690
2897603145
2190765834
2476581039
2790134856
2964750183
2954617308
2461983750
2946703815
2591648703
2801397546
2650387491
2374065981
2043715896
2108763459
2460315987
2076958431
2073184596
2371506948
2014398576
2863950417
2513046987
2846039517
2568490173
2860934517
2178903465
2536071894
2713508694
2786510493
2718964053
2915074683
2490876153
2758049631
2801547639
2780915436
2493761508
2507631948
2974658130
2943071865
2456039718
2043789516
2793846501
2475691083
2716593048
2163854970
2701894563
2619085473
2764019538
2987640135
2134085976
2053781964
2937815604
2085697413
2981640573
2918605734
2563149870
2306458197
2046795318
2478530961
2857134690
2963507418
2978043516
2095736841
2087931645
2915064783
2301785694
2840617953
2967305148
2967485310
2564307189
2835169047
2376840915
2570349816
2948567310
2963581740
2417580963
2864519370
2915374608
2368410957
2865109374
2348105697
2018357694
2059478361
2409876351
2568791043
2871549063
2376105498
2417580369
2384961057
2306541789
2613740958
2078634915
2468150937
2895174063
2497530681
2560817934
2309578641
2609853714
2436150897
2894503671
2314589760
2871643590
2831460579
2403968175
2053417968
2384619705
2956471803
2361507948
2834701596
2705963481
2370819546
2541890673
2483710956
2305986714
2467813950
2657014893
2341560897
2850946137
2036758194
2347695810
2035768149
2308159467
2547609813
2693518074
2670541389
2569830471
2098571634
2814560937
2174598063
2013846957
2941587630
2109375684
2837954106
2645830971
2471036859
2108539476
2706483159
2974835610
2018493567
2340581769
2846013597
2867134590
2907416853
2691540387
2390617458
2183974650
2371609845
2047956813
2019645738
2158739604
2756103849
2590786413
2410839657
2170958346
2961038475
2470359861
2476910358
2853107496
2107654893
2471058639
2403859167
2736059184
2745036198
2461073859
2841906375
2401586937
2987504613
2341580796
2915873064
2571430896
2841536970
2851409673
2146853709
2814095367
2897530164
2548179360
2319870465
2634915708
2958731460
2836157409
2741369580
2437901586
2350841697
2653149870
2089654317
2591730648
2496873150
2096783154
2761983504
2398170654
2860793415
2138764905
2108346759
2407189365
2895014367
2135476980
2035784196
2403159867
2405186397
2798605341
2819350467
2639847015
2041893576
2685430917
2197058364
2968715430
2956471308
2614835079
2836059174
2314695807
2405613798
2950487613
2867914035
2865301479
2894305167
2634057198
2674893051
2178035496
2643751908
2379406518
2736510948
2694715308
2651807439
2516748309
2160938457
2896407315
2304758169
2407196583
2105376498
2793641850
2308196574
2863910574
2759184603
2704865391
2901765384
2386750491
2478531690
2906158347
2087953641
2193584076
2438951076
2698410735
2647381905
2784519063
2437698105
2089357641
2430571896
2375906148
2876943501
2605893714
2069374518
2063457981
2106478539
2913586704
2386905714
2476598310
2061945378
2495078613
2974031856
2378614905
2431980756
2048916753
2648031957
2791546308
2735690148
2631407598
2180357496
2601859473
2856941073
2509413786
2397086154
2657018439
2610378954
2413578609
2604593781
2136089745
2381640795
2084176935
2083416579
2480361795
2674819053
2015738649
2938156704
2856301479
2408659713
2758496013
2739106584
2639587041
2450831976
2891053647
2634987105
2519784360
2149786530
2039418657
2841365970
2386179405
2706914853
2638597041
2098536417
2378495061
2685410739
2865049371
2467530891
2456709183
2189576034
2873560941
2168504793
2710493586
2853964071
2741396058
2594178036
2361570894
2139845706
2970516438
2065481973
2156830974
2407918356
2650893471
2371489560
2069873514
2946503871
2349180567
2654079318
2983650714
2389651740
2475968130
2573190846
2760351498
2857619034
2746103895
2031745968
2184930765
2417809635
2089361475
2935176804
2573084961
2485619730
2193847650
2184530967
2408637195
2719835406
2480316975
2894703516
2470186359
2160895437
2960357148
2481307569
2469371850
2705439186
2859761340
2958164037
2514806793
2167035489
2138069754
2064531897
2849756130
2349578106
2873945106
2350746981
2803167549
2390147685
2807645931
2581739460
2780391546
2153097684
2104753968
2968453701
2850947316
2035948761
2305976148
2785019463
2814095376
2679503814
2541306987
2896304157
2597140638
2930641578
2478015936
2531809647
2649350178
2178605394
2710496385
2378159640
2497016835
2163098754
2948735610
2830941576
2836170549
2078341965
2409851376
2704695813
2905178436
2106983457
2317456098
2963078451
2614807359
2410685397
2086594137
2164890735
2375408619
2519346870
2506837194
2176850349
2956083417
2351670498
2687049315
2683470951
2591470683
2035148796
2573194680
2014638597
2673015498
2597041638
2741569083
2481379056
2164785930
2814359067
2471650389
2948051763
2673514980
2107396854
2815497036
2930541678
2834901765
2134759608
2753904681
2605317849
2964708315
2645103987
2657934810
2593174806
2359487610
2849156703
2307586941
2496701385
2908561743
2367910485
2531908476
2843960715
2416390758
2143590678
2086715943
2479851603
2197483560
2308569417
2436870159
2986015743
2613870495
2079168354
2741563890
2943176850
2968451073
2138605497
2356014879
2613804579
2549078613
2190576843
2684017359
2031457689
2630194578
2794683510
2043956781
2956143807
2791635480
2987435016
2593486017
2190367845
2981546730
2904765183
2907841635
2309185746
2863970415
2957340681
2497513068
2791038645
2937684051
2803946517
2157698034
2489157036
2735698104
2478159630
2751980643
2791305684
2158043976
2391460875
2961458370
2017645893
2158693074
2471658309
2047835691
2197640385
2179385406
2610497835
2019387654
2579643108
2548790316
2140586397
2951703864
2501483679
2973150684
2706439518
2490163785
2576983401
2801697543
2491763850
2371549068
2817495036
2519708634
2874905163
2458910673
2475089163
2864905317
2368459170
2163547098
2631478590
2485690173
2075139846
2048561739
2793810645
2738604519
2380714596
2831975604
2354081796
2587694103
2587031946
2416378095
2134569780
2716083549
2165703849
2168043759
2369175408
2803147659
2413085769
2960758431
2516973480
2716089543
2948375160
2875931604
2105934687
2751438069
2805931674
2397406158
2138940765
2185476309
2348971506
2701398456
2671349850
2406739815
2398704165
2485037916
2315407869
2653807491
2467315908
2346057198
2451739806
2185379640
2401786593
2067194835
2794351680
2158076493
2147590368
2856403971
2941607358
2569841037
2409851763
2576104389
2573148690
2063491578
2576843019
2370456891
2896475301
2103549867
2415089367
2316805974
2967845310
2897641350
2703618495
2963140578
2179458036
2469135870
2571439068
2810657493
2034891756
2087169354
2714968305
2043587691
2765480193
2375619048
2584039617
2649853071
2768504913
2194587360
2968071543
2431596870
2674591083
2185347690
2038576419
2356401789
2498530176
2639174508
2056387914
2793805416
2609851347
2956430817
2493675810
2958074163
2306517984
2641875930
2917534680
2408359671
2876934051
2384651970
2845906371
2987536140
2198560473
2684713905
2748135690
2731048695
2167598034
2978510634
2158963740
2540318697
2570314698
2350461798
2806413759
2069315874
2106785943
2975403618
2471863059
2095416738
2746103985
2806915347
2631489507
2471386059
2398506741
2163954807
2340785916
2874093516
2164970853
2895167304
2378650419
2681503497
2784039561
2561079348
2796854031
2513968407
2513706849
2495867310
2613579840
2018653479
2074659813
2371648590
2568739140
2756098143
2184530976
2389041657
2975340861
2160853974
2786045139
2370641985
2314806579
2945608371
2536489710
2964573801
2364701895
2167384095
2568904713
2754913086
2047916835
2781453069
2546718390
2609315847
2745389160
2019736584
2684301975
2694780135
2517398046
2097648351
2369587041
2315674089
2401638759
2915607348
2846319057
2594703168
2917386450
2147680953
2589341067
2106359478
2670493185
2945681370
2153846790
2158937064
2543718690
2806519347
2803541796
2367580914
2685379140
2591403768
