3875091624
3765801924
3692108754
3205674891
3124609875
3712684590
3829750641
3587162049
3684105279
3582196470
3259867410
3267504189
3672850194
3162940875
3712094685
3981527046
3651902784
3425107698
3687541920
3096874215
3148927506
3917842056
3680542197
3157490268
3159486720
3187409652
3654281079
3542617908
3892506471
3719645280
3560219874
3498056721
3769128504
3927456810
3852071946
3947128506
3486905217
3579012648
3028495671
3925786104
3947016852
3462987510
3495018726
3156208479
3768954102
3298756401
3560129487
3502971864
3194876205
3415962807
3479056821
3251407689
3162907458
3859420167
3027914568
3016582497
3678904512
3421596087
3186407295
3528069471
3254107896
3852976401
3158976402
3208579146
3745891620
3469710825
3972108645
3874659102
3419827650
3760482195
3921670458
3890246715
3184906725
3294756081
3495176802
3185694270
3802159764
3406817952
3541679280
3068529174
3698120745
3475281906
3687124059
3027589146
3682510479
3295048617
3195784620
3054281976
3409586271
3214695078
3726581490
3145087926
3704926581
3147026589
3286914750
3652714890
3051682794
3082415976
3246981750
3901685247
3209654781
3821640957
3461207859
3409857162
3560184729
3108975246
3870526149
3512940867
3609748512
3802145976
3802457619
3568970241
3906142875
3612504978
3721046895
3782504961
3871490256
3864059217
3641892057
3194785260
3109854276
3746091825
3179562840
3786412095
3467581920
3062417589
3867049152
3592461870
3810567942
3890762415
3509867124
3471829506
3190267854
3582097614
3687514920
3502498671
3528641079
3147025968
3291705468
3149650278
3724195806
3841560792
3069572481
3580196247
3719248506
3850714692
3846197520
3148602975
3650891427
3607921548
3286195074
3957480621
3021679845
3640928571
3927516408
3528764091
3142960875
3876510294
3817054692
3407651289
3794085621
3672085491
3981647025
3016592874
3086724591
3910527864
3628470591
3651924870
3962741580
3867921450
3964078152
3126704859
3501982467
3209786541
3129450768
3610597482
3928160457
3621548907
3069812574
3891625704
3592684071
3604827195
3714528096
3197028564
3072586914
3190875642
3475098261
3472815069
3096481527
3210596748
3619240857
3987156024
3625978410
3972416508
3524018769
3145862097
3812694570
3902648175
3814962705
3109725648
3685724910
3152784906
3750682149
3192860745
3514870629
3178960542
3170964285
3706152498
3571620498
3598064721
3489210765
3014726589
3895012476
3907125468
3641527098
3047921568
3961870245
3078146925
3174820965
3189765042
3805492617
3195702486
3072165984
3425867091
3259476081
3487159260
3201954687
3085724916
3429516870
3018476295
3451980726
3207418569
3256801794
3942870165
3016894527
3520849761
3582694107
3912584670
3285016749
3480175629
3295048167
3641729058
3419580762
3095284761
3908156247
3827940561
3691285074
3807642591
3241086957
3279810564
3516482079
3174568092
3078962541
3250189764
3497802516
3504618279
3450217968
3921468705
3485019762
3546028179
3791468205
3759210864
3259047861
3086571249
3401567892
3691502487
3120967548
3562940178
3296418507
3479108265
3016279458
3710298654
3025784961
3072956814
3680215947
3692540817
3718520946
3960851247
3804917265
3265491780
3648750192
3128579406
3864502719
3514762890
3960758214
3876540129
3014578629
3071284956
3102478956
3192784506
3406781295
3450962871
3471062985
3768540129
3812574096
3150682479
3028147659
3605489217
3718602594
3205489617
3514608297
3468017925
3728046195
3286940715
3875216409
3746850912
3501468729
3852619740
3964578201
3890427165
3209416875
3804179562
3604812795
3564179028
3921085476
3856107249
3870125964
3910764852
3946851702
3108567294
3571896402
3162580794
3210896475
3156874902
3582160794
3982047156
3865217094
3457289061
3654781290
3051627984
3789640125
3619520874
3420965871
3208914675
3675821904
3567204891
3165897042
3186294705
3670128954
3157602948
3201895746
3195680724
3894562701
3548192706
3541790826
3782045961
3089264751
3047219586
3798061452
3691452807
3914786205
3560981742
3270185469
3084179265
3524810697
3702468519
3754169280
3129407685
3648920517
3071425968
3761498052
3098241675
3052647918
3124067589
3786290451
3841706925
3715294806
3741205968
3187604295
3145078269
3625184970
3681027945
3624857109
3179426580
3027419586
3478025691
3754069821
3294580617
3819547260
3967510824
3198702456
3046597821
3609541872
3628049751
3809671425
3791042658
3457296801
3064528179
3180957642
3517804692
3207581496
3142596708
3287149560
3968510742
3174502698
3569014872
3781405269
3805674921
3017892546
3428091756
3782156094
3627815940
3648127509
3824709651
3642751908
3028691475
3492685701
3716258049
3826059147
3104952678
3067285941
3897065241
3596108724
3960547821
3862509714
3564712908
3501782496
3620847951
3961582470
3186092475
3491678025
3427960851
3571462809
3568401279
3986254107
3685749012
3945760821
3506984127
3615294780
3856049172
3579406218
3548267019
3247069851
3605927184
3985726401
3218476950
3214657098
3601792845
3925416708
3914560827
3840956217
3278610954
3072459618
3290175846
3801924756
3069824571
3159748620
3628045179
3461528790
3148562097
3986147025
3104985672
3581967024
3985647021
3601879542
3568904721
3691857042
3710529468
3247681905
3076915824
3254179608
3870456912
3024596817
3128479560
3546978102
3607951482
3165024789
3769415208
3576219804
3185092746
3719824056
3067298145
3215496870
3891270456
3742659810
3748560192
3042985761
3058916427
3280596417
3580914726
3716458920
3274196850
3689027415
3975012684
3870519642
3584097216
3682079415
3265184097
3980457261
3617594802
3587142609
3198420765
3726598401
3405982716
3962140587
3728415069
3592708641
3902657841
3467098251
3825761049
3912467085
3092614875
3821640975
3251706894
3504672981
3841602759
3410968752
3217584960
3150498672
3216859074
3209185674
3642581079
3145826970
3684059271
3489076125
3240985671
3175286094
3289054167
3950781426
3578291064
3407516289
3206479815
3175629084
3627890145
3975086142
3592641807
3460189527
3986075142
3285107649
3095812476
3519806274
3147695280
3850746912
3579861420
3528091674
3146057289
3586912407
3460217958
3427195806
3180649275
3294871560
3798514602
3908251746
3740186295
3064928157
3269075418
3179204658
3270651849
3246570198
3790286415
3751298046
3246850917
3467981025
3690584721
3592410876
3657094821
3850461297
3105864927
3054687192
3869175420
3259761480
3617492508
3487961250
3680594271
3417920568
3560497218
3825094761
3749182056
3518479602
3412607589
3576418209
3901748562
3950648271
3072895164
3150296478
3816920475
3296748510
3489157620
3148752690
3475810926
3148975260
3250917846
3021564789
3157846902
3582601974
3945806172
3470829156
3251780649
3152784609
3916784052
3867592140
3942178506
3524791068
3120987546
3715920648
3950217684
3475896021
3694825701
3187260459
3596804217
3196852704
3084617259
3594721068
3276198540
3846750129
3490821756
3160592748
3604751928
3498561027
3215970864
3452798610
3795612480
3786491205
3175409826
3278459061
3807469512
3724180596
3125806947
3497810625
3798610452
3847925601
3081264957
3590647128
3854271096
3502197486
3740196285
3609785142
3952170846
3841509762
3798564210
3578420619
3174850962
3087152946
3971840562
3529167408
3602174958
3615987240
3907815624
3458716920
3086491572
3524971068
3807451269
3754968012
3692175804
3968720514
3804572196
3562801794
3028569417
3019647582
3529486170
3072895614
3572196084
3548169270
3687209154
3214067895
3675092418
3652407198
3028571496
3890576241
3412096758
3852904167
3689754021
3620849751
3850294671
3219867540
3762419805
3625491807
3495086271
3025768194
3527609418
3798106524
3695148207
3510894267
3482915076
3451786920
3086475192
3154097286
3160942875
3805194627
3765890421
3541906287
3984750621
3269045781
3712860945
3497861520
3502149687
3429715086
3270184695
3846957102
3847105296
3958402671
3568120479
3674029518
3497021865
3264097581
3091426578
3901546872
3158470629
3962480751
3168092457
3056187492
3946801725
3940562718
3071495628
3906412875
3128095746
3541629087
3645079182
3980162574
3106428795
3154608279
3821675094
3078465921
3452876091
3708296145
3956781402
3281597064
3785261904
3468120597
3069754281
3619478205
3947681205
3086125947
3641780592
3182790465
3024178659
3796412805
3268954170
3764820951
3208975614
3806294175
3617958420
3201578649
3756910248
3819047526
3459602178
3918075246
3487091652
3951827064
3069245178
3097841526
3957061428
3948175602
3506871249
3092871654
3692854701
3564129780
3241769058
3905167248
3587069124
3829750416
3461879520
3187962054
3895714620
3486275091
3481952607
3860719425
3527084691
3059217486
3479528016
3482619075
3427985061
3156702984
3697180245
3705146289
3924501876
3546189720
3720461589
3258409671
3082769154
3701856429
3970154628
3782651490
3498720156
3182956074
3896475201
3912786045
3916827540
3254719086
3510482967
3986427510
3715460298
3284561709
3816059427
3814609257
3741092586
3657291048
3291547608
3901457862
3982560714
3182709654
3264179085
3298654710
3760542891
3071824569
3716409285
3568970412
3821590467
3592780146
3485216097
3276589041
3680247195
3841957206
3409586721
3580679241
3502918647
3295860174
3971820654
3648719502
3619457802
3498510726
3167948520
3098524617
3780546921
3948750162
3627809145
3068127549
3519204867
3079152486
3015794628
3497162508
3150879642
3150649872
3602489157
3476582910
3421657908
3974215086
3426758901
3065412978
3259687104
3087951246
3502617948
3608541792
3604715829
3285169470
3029845617
3064982157
3520698174
3509417286
3569027418
3461287905
3749268510
3458692701
3712640958
3567081492
3608425917
3419257086
3718925046
3840675912
3508741926
3891467502
3781902465
3614528907
3642587910
3920756841
3497210586
3186957204
3204756198
3460952817
3950684712
3196058472
3849201657
3176492058
3915862740
3540617829
3412659807
3028945176
3920715684
3029165847
3507968124
3289504617
3795821460
3046518297
3508972146
3270586914
3851790264
3590287614
3972645801
3967028514
3046125789
3051782946
3710658924
3548026179
3479201685
3125049687
3149078265
3971268504
3104752869
3971064285
3067415289
3048792165
3562417809
3081729456
3912657480
3602471958
3605978124
3461892570
3286510749
3687249051
3029718564
3506879421
3275610948
3061952874
3456782109
3209418765
3501962784
3478950126
3890725416
3501879264
3287140956
3759120684
3618207954
3402981567
3724069158
3042567189
3702548691
3956027184
3952678041
3651248790
3481572096
3465902817
3105874269
3907681524
3860152794
3269815407
3105748962
3712085694
3571869402
3205967184
3457609218
3015824967
3746591280
3149728560
3192578460
3754180296
3906827514
3917064528
3290486571
3497560281
3954621087
3758962401
3087216549
3715864029
3609482751
3182405769
3281605479
3167528094
3218970456
3657924108
3870154269
3857061249
3702659148
3789501642
3187429650
3954081267
3057814629
3059248176
3425910678
3098452716
3067941852
3872490156
3156409872
3910625874
3698541207
3816754902
3045869721
3587419620
3782054196
3594871602
3140759286
3921645807
3064789512
3126758490
3106827594
3658974210
3586207149
3571092846
3709512486
3957860214
3687210459
3906721584
3756891204
3451208796
3068795124
3062749815
3458172690
3902875416
3098127654
3162957840
3218745069
3108679425
3601274895
3640591782
3478506912
3408651927
3489265701
3170952864
3249571860
3782905461
3981764250
3815602947
3865924170
3512947086
3297451806
3520847691
3728104569
3246985170
3016457982
3268105974
3024971658
3479260581
3046521789
3184270956
3419678250
3584296701
3056829741
3271589604
3974802156
3952460871
3487615920
3479106528
3674958201
3120587964
3185927406
3086297154
3710648259
3724950618
3801954762
3702865419
3089546712
3948507126
3251976084
3896241075
3451680279
3574916028
3960452817
3568174092
3418692570
3712064589
3672459180
3649875210
3705841926
3598427160
3129784056
3974256108
3492815076
3079214856
3895160247
3074562918
3845217906
3175649802
3096241857
3054927681
3027496851
3897526401
3842519760
3872406915
3614809725
3795064821
3965027814
3279165840
3804296571
3546829107
3819640725
3197682045
3802945167
3865701429
3496875012
3918265470
3612549870
3012574698
3710962485
3476058219
3102984657
3789615240
3570198426
3429185607
3709468215
3458721690
3842590176
3542017869
3149685072
3194508276
3092814657
3865142790
3641025798
3586940172
3847509612
3897064215
3984071265
3105968724
3895706421
3516089742
3816095247
3781509246
3059867241
3029746815
3029576148
3847625190
3620978145
3718950426
3741026985
3298564017
3861952047
3726140589
3679415280
3742105986
3975128406
3925164780
3986017524
3567192804
3148025679
3195872460
3450619872
3478265190
3982564071
3051649287
3268470195
3947561820
3874219650
3468091257
3425187069
3720861945
3861274905
3516907428
3587964201
3172480569
3654918720
3498067152
3174028659
3209654718
3074851962
3789456102
3240197856
3247019856
3701895642
3468752091
3861502947
3907162458
3975406128
3461792085
3201548976
3198024765
3150428967
3841075692
3958741062
3518209674
3052416978
3428791650
3764589012
3981604572
3105682749
3790462581
3956720481
3598214076
3027689541
3805712469
3426971508
3928176450
3620841975
3718594260
3507214689
3471908256
3917056284
3054672891
3782491056
3916582047
3268791405
3457602189
3648179205
3152906487
3951072468
3529741860
3952180647
3054826197
3762841059
3964710852
3704269815
3875410692
3719654280
3605128749
3582910674
3781426590
3792150468
3124650897
3081925746
3128604975
3987126450
3672958104
3765842901
3097218546
3164875290
3280567941
3948170256
3297841065
3506974821
3460528179
3419627580
3268041579
3941805276
3721895046
3697208145
3702198465
3018476295
3289741605
3865142097
3408759126
3591047682
3074968215
3179648520
3120476958
3658409217
3147062598
3952104768
3708625491
3581976042
3849516207
3084175962
3864517029
3782160459
3240791658
3902845671
3820196547
3928407165
3795146082
3795841062
3096785421
3657840291
3710298564
3671902485
3768415092
3214567890
3157089264
3102684597
3705281649
3182546907
3495702861
3059487126
3782591640
3197284065
3758296140
3827159460
3452819706
3908457162
3879105462
3518764029
3570619842
3916250874
3609847251
3829450176
3578914206
3247658901
3217456890
3907164285
3709456128
3795681042
3942106857
3516902748
3276891045
3658291074
3698072145
3620798145
3782516490
3051796842
3972846501
3592764801
3691475208
3694127058
3482791506
3576180249
3691025784
3569247081
3078246915
3018645297
3084217695
3064927815
3148059726
3028475619
3821054769
3567492180
3504762189
3657041298
3164957280
3806957241
3826451097
3259701486
3489205167
3409126578
3470156829
3721865049
3461790285
3469178502
3102549768
3196470528
3410527968
3870629451
3780612594
3781095624
3612548709
3158729064
3028195764
3675814092
3682510974
3578016942
3276150894
3091845726
3156804729
3728650914
3675208419
3497806152
3791506482
3962741850
3942786051
3905462187
3467081592
3420571689
3984012567
3875024196
3569824710
3827056194
3709658241
3840697521
3289174605
3154028976
3571089624
3587216904
3517842960
3596874012
3684751029
3154028967
3207619854
3945201876
3172456908
3704286951
3048571269
3286740195
3025418769
3987541260
3984120675
3940527186
3258904716
3107864592
3417625098
3427890156
3189506427
3740962581
3064759218
3042651978
3215407698
3140568927
3619504728
3908526714
3507186924
3619825047
3946102587
3614085279
3489067251
3049572186
3045867912
3047698251
3026197548
3270584169
3405821679
3071482569
3042567189
3412895067
3697204815
3608572149
3678901254
3240781956
3469758102
3802175946
3690215847
3581047962
3572041986
3045927168
3041625879
3975064218
3281506497
3817654029
3807169452
3158279604
3018962754
3602954817
3206897451
3451706928
3598124670
3748056192
3820519476
3762518904
3890174526
3168540297
3827160459
3197506248
3560498271
3914520786
3567908412
3867401259
3659042871
3187952604
3109462758
3146829705
3014765289
3792861045
3701598642
3148962057
3890746152
3019756284
3456297018
3580641279
3267104895
3701248569
3016794258
3915670824
3790426185
3012765894
3946210875
3046571829
3658792014
3740986125
3910426785
3629701485
3217540968
3409657812
3215790486
3820417596
3781654029
3541726890
3289601475
3279864015
3216048975
3658041297
3642871590
3048169752
3618207495
3697285014
3160492758
3587961402
3046815279
3189064275
3964587102
3486509172
3801674952
3786952140
3487019256
3250948761
3721905864
3450618729
3509826147
3042759186
3812076459
3849615027
3621507894
3745129068
3941867025
3048612579
3256187490
3052168974
3869501742
3402589716
3789061524
3148607295
3429871506
3915687402
3645870129
3809215746
3867201954
3629158407
3517246890
3741250689
3874162590
3126094587
3295801746
3076241958
3879421056
3416095287
3569102847
3682719540
3421956870
3641928750
3106598247
3685729140
3892157406
3416059827
3587124960
3196480725
3541029678
3754862019
3596741208
3864295710
3240897615
3285417609
3719042865
3702456891
3785124690
3847051629
3128759046
3170294856
3871406529
3401256798
3219850764
3208941675
3061592487
3849521076
3219650487
3741609285
3592417806
3847592610
3287956140
3720189654
3942518760
3820751946
3507648129
3854960271
3469780521
3045267918
3469870215
3809142657
3964218057
3071829465
3874590621
3916708452
3628574910
3819074625
3987421065
3954067218
3671042589
3089256417
3816709542
3508297461
3680195472
3570642189
3469702158
3529187640
3412968750
3614079258
3285046971
3890451762
3749182506
3761950248
3520897146
3167528094
3862415709
3049256817
3580972416
3574192680
3908124567
3675128409
3187902564
3980164725
3986102574
3940175682
3287160495
3019527864
3564102978
3748621095
3985471062
3856279014
3849051762
3207548691
3562470891
3504791682
3814297560
3801794625
3947261058
3756014892
3609142587
3496805271
3987014526
3825094167
3069842751
3205681794
3914628507
3265498701
3614950782
3074816295
3762801495
3802467159
3480125769
3578149260
3572108649
3940167528
3784510629
3045871692
3297641850
3296041578
3069584127
3587102649
3679850421
3819042657
3852617049
3789401625
3916078245
3581679024
3782194506
3185904267
3528470961
3157809642
3541629807
3279186045
3924587016
3715482960
3018692574
3245980167
3264510978
3457081962
3521698047
3648027159
3018962457
3801742965
3509681472
3809514672
3698054172
3159480726
3208645719
3091465827
3175294860
3170256984
3041298675
3918547026
3071695824
3106724895
3892654017
3729164508
3524076891
3195074862
3654170982
3167502984
3417598062
3159648072
3956140728
3642098175
3069875421
3095187642
3490768512
3687045291
3946501287
3219074568
3497280156
3658940127
3702489516
3714598260
3086429751
3124057986
3201689754
3794205816
3942507861
3951208674
3962175084
3469270815
3851972064
3081765249
3246908571
3908651724
3150628794
3765018249
3876924015
3087962154
3956824710
3896210745
3908471562
3096218745
3592671084
3497816205
3817425609
3054216879
3420189675
3680714529
3062845719
3578164902
3120874569
3278094561
3918046725
3560472819
3769085241
3698210754
3406257918
3618592704
3517809246
3026984571
3594207186
3852149067
3560812794
3051287496
3142690758
3160925478
3159670248
3546172809
3928605741
3876094152
3140598627
3582107694
3987506214
3629178540
3085629714
3125860497
3756049821
3058912476
3821079645
3497560812
3985261074
3671852940
3204651789
3042871596
3247180569
3785240961
3510876942
3947862105
3026198547
3961720548
3281457690
3206715489
3548207916
3815724609
3786204591
3769840521
3784950126
3804629517
3264785091
3096421875
3928415607
3659148207
3190524876
3086149752
3490162785
3246798510
3591842607
3271648950
3485079126
3618704529
3467091285
3805469172
3478159620
3518940726
3148275096
3245791680
3560492871
3280167459
3079861254
3702681549
3768250194
3792506184
3281790465
3064987152
3412695780
3912046785
3164729805
3971628045
3041687925
3925167804
3942560817
3850214697
3094876512
3724916058
3751249680
3729805146
3182760459
3124507896
3458701296
3460912857
3017924865
3495802716
3210654798
3791856402
3602185947
3647519208
3152960874
3217849560
3925186704
3975048621
3459102876
3612048759
3921468705
3710628954
3269710845
3271940568
3762519840
3048756219
3174295086
3791862045
3526984017
3276915048
3840192675
3594602178
3710495826
3926487051
3876129540
3156472908
3574921068
3508964127
3768091425
3728146059
3486921705
3720156984
3215407689
3095418627
3568027419
3819754026
3659840712
3902574186
3812769054
3580912746
3560197824
3657829401
3789512406
3092568417
3921086547
3879504216
3218950746
3204958617
3942860175
3280697514
3570682941
3420758916
3156427098
3092487615
3750841296
3547019286
3690527841
3451970628
3657941802
3962058741
3645089721
3564791820
3482965710
3018459762
3214579086
3451782096
3695180724
3891675420
3716895402
3625471809
3457810692
3182605479
3027469815
3015896724
3591806274
3629405178
3046819275
3865409127
3610752894
3945278610
3219756048
3460175928
3801792465
3074185962
3950416827
3762819054
3467508912
3905812674
3194568270
3618729540
3054816729
3792610854
3578406192
3127450689
3987015426
3807952461
3418562970
3902674518
3764908512
3719645208
3567140298
3291504867
3681295407
3052976418
3941527680
3280159674
3247905186
3064571982
3657409812
3907562418
3207914865
3014685972
3521840769
3710692548
3246507918
3948172056
3091746528
3742965801
3852694071
3127094685
3657081294
3594602817
3290817465
3249715806
3895416072
3810245976
3761289450
3946287051
3457809162
3689704251
3980452716
3920675418
3190625487
3019642578
3162047598
3246817095
3740816592
3248057691
3628904715
3160859427
3758962104
3695017824
3482601957
3089416257
3940816527
3081795642
3207845619
3487129560
3275806941
3964815207
3894561702
3925784601
3261598407
3859024671
3614075928
3458790162
3496182750
3276150498
3190256784
3208561479
3971045268
3627941085
3694087521
3791624805
3028179546
3521870649
3970216485
3875691402
3809514627
3048659217
3459160287
3524169780
3574210689
3705186942
3015768294
3182047569
3589762104
3794806512
3568279140
3712856940
3958412067
3715240698
3690147825
3706425819
3805617942
3804596721
3256174980
3418527690
3789046125
3279165408
3975108426
3046891275
3918574026
3026519748
3408176952
3654198702
3081265479
3547629018
3254967081
3016759248
3576029481
3759162408
3127895064
3219845706
3094172685
3506874912
3156478092
3928074156
3072856941
3560271894
3710254689
3894261075
3267085914
3206478591
3512967480
3019768524
3295841706
3185972046
3527186904
3516408792
3278954160
3645902781
3167485209
3075246189
3768145290
3092816475
3157649208
3851260749
3509481267
3798104256
3061295748
3689017452
3942018675
3086192475
3042789615
3657940821
3726051849
3879421605
3762951084
3605194278
3149520786
3654128097
3791258460
3418097652
3564987012
3928710654
3257109864
3528906174
3297510648
3590217684
3465219087
3104579628
3650941278
3651479028
3240781965
3421076958
3057469128
3952081746
3698574102
3952674810
3647259180
3470968152
3814759260
3256487901
3426987015
3591867240
3472965018
3506789124
3468105279
3046591287
3826907154
3914826705
3721956840
3071642859
3172960584
3951876402
3670485291
3798451206
3695401728
3247195680
3492806157
3862097154
3196875240
3758104692
3715284069
3618795204
3140726598
3184592670
3068571492
3826415907
3701542968
3912780564
3192065487
3726915804
3641072985
3402918756
3684029157
3786910542
3648590172
3195602784
3749586102
3712805964
3180954672
3708426915
3275194068
3819076425
3279561048
3570964821
3281940756
3106284975
3290174586
3108694257
3759104682
3804126579
3902784516
3174926508
3419057682
3951860742
3851204976
3416850279
3508471269
3764820159
3520769418
3540182796
3062879514
3790265814
3149752806
3597208641
3561840729
3102784569
3178046259
3541026789
3758069421
3051429687
3987216450
3058176924
3926408571
3168945270
3041295867
3906427185
3819475602
3142508769
3612897540
3460975812
3821460579
3769054182
3541609872
3982641750
3420951687
3756208914
3701924568
3841627905
3408675192
3975841620
3980725614
3269840517
3170528469
3957481026
3940768215
3527980416
3479516082
3895402671
3501426987
3068791542
3274569018
3640195827
3576804921
3256147890
3026891754
3628710954
3976215048
3254106978
3750982146
3918045672
3806215974
3025849176
3207486951
3845012967
3947651280
3129607845
3025867194
3745810296
3681902457
3164207895
3210478659
3614507892
3724501968
3769084152
3586012479
3158902764
3452896710
3629704851
3691470258
3876291405
3594802671
3701854629
3498176025
3819450672
3174805296
3580471629
3892741560
3179068542
3468179205
3075219486
3524801976
3290584167
3961824075
3549217068
3615247098
3501279864
3614572908
3574018629
3167042895
3157809624
3592784160
3280694571
3904871562
3420918756
3280196457
3025897461
3629580417
3051987246
3954618270
3276401589
3407912685
3140659278
3507691824
3064827915
3768094215
3152470869
3401657928
3247519068
3782461590
3480152769
3021754986
3092864751
3680542791
3260581947
3540729186
3502874916
3790154682
3801625974
3025967184
3250781946
3871205946
3602184579
3408216795
3520794861
3807216549
3710598642
3046782159
3421650879
3287091564
3607142985
3792160584
3618950724
3092145867
3961247850
3917268504
3790648125
3216590748
3902876451
3507649128
3721409658
3570491826
3075184962
3940865217
3642058917
3698210754
3019467582
3804917256
3109584627
3054617928
3082547196
3084926715
3642570819
3571604892
3945027816
3640871925
3968504721
3584026917
3106487259
3061928745
3925704618
3879102645
3196408257
3817254690
3056987421
3152706489
3257618940
3426958701
3614507928
3186509247
3605947218
3748521096
3892745160
3970164528
3497256180
3049681572
3021679548
3946015287
3820691745
3924671580
3876140259
3109546827
3945860217
3190582476
3902761845
3817265409
3796502148
3671840925
3829451760
3870591246
3974081265
3865492170
3248709156
3401892576
3489271056
3467289015
3478260951
3018975246
3926104758
3859670214
3819572406
3625790814
3257964180
3517082469
3480796125
3817206549
3046812975
3605142987
3910267458
3582149760
3671590284
3687241905
3614728590
3154926807
3014278659
3870194625
3076189245
3510849672
3294015687
3920768541
3270198654
3485276901
3918425076
3582069147
3452907861
3542197806
3581902647
3604572819
3261408597
3264790851
3105479268
3652897410
3062951847
3561402897
3269718054
3582096417
3185942607
3741650892
3097265418
3829745016
3587294016
3265879041
3416259087
3416982507
3561408792
3964582071
3271980645
3271459086
3762854109
3974068215
3791546820
3241769058
3594726810
3096247185
3179608542
3450612978
3160859247
3678024591
3490261857
3168540297
3129605784
3197608254
3869745120
3270851649
3198540267
3017496528
3249571806
3627194580
3175940826
3985074216
3184027569
3452790861
3465120897
3948061275
3961475820
3149870526
3046159278
3859071624
3479058621
3510489267
3204689157
3871924560
3190824657
3241059876
3410789562
3048629571
3206147895
3985472160
3821465097
3721568904
3801746295
3589674210
3478510926
3954170268
3180947652
3091864572
3956427801
3687509214
3541270896
3692108457
3192564807
3570628419
3804716925
3714280596
3956021847
3914720568
3725198640
3175842609
3978215406
3821605497
3805721469
3079164285
3105498726
3017452896
3657894012
3179085642
3569428017
3148562709
3597208146
3571406892
3704681259
3128790546
3946870251
3926450187
3650149872
3609754812
3452681079
3142978605
3498602715
3825714096
3219506748
3746128905
3407182659
3274098615
3816529407
3971406285
3089524176
3854217906
3582097614
3721458960
3059172468
3940652718
3067425891
3185769402
3768142059
3502917846
3765801492
3712856049
3920674851
3687540219
3127458960
3748621905
3981625470
3187549026
3784196250
3974582601
3407269581
3296415780
3579218460
3276541809
3782604951
3057192846
3594276081
3245809761
3124580967
3428615709
3745801962
3802917456
3718260495
3820569471
3507169248
3698510472
3564921780
3109742586
3790821465
3692745081
3467098512
3280496517
3904615872
3852491706
3518607429
3257604189
3285601794
3794512860
3027986154
3650972841
3642950187
3742650981
3085721946
3894216057
3840967251
3065127498
3284605719
3509247168
3769502418
3578964201
3958412706
3129860547
3921684750
3728564901
3784612590
3719204586
3614980572
3146905278
3724619085
3650487921
3164782590
3970841652
3871205496
3549018627
3159074826
3648710529
3286459017
3476821509
3904872561
3462780915
3079421658
3264805971
3476910285
3264518970
3056189427
3986254701
3861547290
3628740915
3412098675
3426509817
3206571498
3042187659
3259478610
3402971856
3417980625
3827015469
3472518069
3427905861
3815027649
3816790254
3658219074
3879106245
3462580179
3678925041
3526971408
3108965742
3021578946
3705164982
3954016278
3908172654
3976084125
3071925648
3410795286
3857124906
3768401952
3854297061
3981027456
3769201584
3486012957
3291865047
3286901457
3570146289
3628105974
3041568297
3617952048
3104856279
3061497825
3920467185
3675942018
3792614508
3587012496
3947825061
3827961045
3504987612
3156892470
3458267091
3417896205
3176520894
3759260148
3091846752
3109825674
3874012569
3416782095
3214867905
3705169284
3812906475
3852491760
3820491657
3804916275
3618940572
3670912584
3179842506
3629541078
3602415798
3165897024
3659840172
3126480795
3582170496
3890175426
3587614290
3981652740
3916574208
3985670214
3051842967
3924758016
3820976541
3257104968
3172846095
3570648291
3421690785
3486791205
3420598716
3546197820
3205416987
3740168592
3759682401
3528674901
3864509271
3047892651
3425761980
3021596487
3891560724
3241068957
3140689275
3098654271
3154902768
3652409781
3974012685
3152409876
3185902674
3825467091
3096574182
3874620591
3792581046
3654780291
3540216798
3256714089
3164579820
3946251807
3891246075
3509862417
3670549128
3546917028
3078526941
3264895170
3908415627
3216874950
3812904756
3672158940
3582764901
3794215086
3476015892
3076851492
3542160798
3187059246
3158497602
3095478216
3297018465
3658029741
3852671940
3509768214
3429576108
3279546180
3819465072
3021567894
3785901246
3468905127
3027149685
3496180275
3026758941
3986071452
3174905862
3509416782
3024187695
3185064927
3864705192
3980752641
3961542087
3140629587
3726018945
3902147856
3160857492
3124657980
3489621750
3867251409
3659041872
3582490167
3250179684
3758690142
3471258690
3584610972
3176582904
3475298016
3061459728
3724968510
3891762504
3095724861
3194250678
3128905764
3124076859
3592167048
3297846510
3721695048
3674192058
3149850276
3609874251
3712450698
3264589107
3610497285
3502184967
3891076425
3695018427
3962180574
3980712564
3872506914
3270651948
3129475860
3728465190
3982745160
3408526917
3892045167
3295470168
3791064852
3924710856
3850194267
3502981746
3529874106
3821795460
3806579124
3051248679
3107598426
3981420657
3270968514
3862905471
3210749586
3429178650
3048217956
3956740182
3754829016
3260157894
3285740619
3067985124
3547109286
3817269045
3187069245
3461095287
3510248976
3760892541
3012769485
3917086542
3562841907
3861092754
3162407895
3908276514
3691428750
3127960584
3461590287
3681745902
3509786214
3506187924
3081952476
3216907548
3905426871
3415678290
3490165872
3041275698
3291574086
3756084192
3475809612
3281640759
3519624870
3624195807
3764085192
3079865412
3286594017
3068752419
3958240176
3598260174
3268904175
3068591742
3842510967
3619420857
3546708921
3085196427
3726140895
3925478610
3861492570
3062541978
3186705492
3697120485
3507962184
3580196742
3124905768
3520647189
3756842901
3215607894
3206479851
3401952786
3081695724
3482509617
3241879560
3071428569
3719504628
3580174629
3072941685
3419650872
3457260891
3927815604
3082459167
3085942761
3695127048
3241785960
3682914507
3509786421
3719250684
3561740982
3460718592
3518429076
3942807165
3785614920
3605947128
3052946871
3082154679
3865012749
3214056789
3567410982
3957140862
3846125907
3842017569
3528046791
3427198065
3487509612
3720518946
3420619758
3947610528
3960475281
3495216087
3761945208
3265897041
3095164287
3412078659
3915427860
3801469572
3051968742
3049582176
3879261450
3912406785
3962804751
3219607584
3249865107
3869152407
3028714956
3568041927
3206185974
3458127609
3079856124
3617590842
3749158206
3527108694
3894106527
3069548271
3670894215
3019782564
3970254618
3861250947
3841705629
3654912870
3790612854
3128609547
3915802476
3691245807
3428765091
3476521908
3687520149
3516402879
3409128756
3517426890
3271906584
3428905761
3760298145
3567419280
3589264071
3415796820
3146279805
3409817652
3095746821
3796508241
3501726849
3658421907
3169450287
3985126740
3940572861
3425081796
3152804769
3687092514
3918467025
3902856714
3879206514
3761924580
3859201647
3894615207
3914862705
3972146508
3140578296
3425876910
3781529640
3792604518
3290687541
3094687521
3268057149
3240176598
3495172608
3045679182
3821047659
3159706842
3591078624
3095184627
3865097214
3972560841
3189764205
3509218674
3576140829
3142096857
3195728640
3760214859
3145970682
3816597402
3725610849
3596021874
3691582047
3174650289
3945826701
3179685042
3285709461
3579182604
3840629571
3968520471
3284756910
3461257089
3947650812
3456187209
3658241790
3596128470
3425601789
3196045782
3649027185
3206857149
3745691802
3071492568
3896240517
3762490851
3094617285
3085427619
3245197086
3261490758
3740819526
3049761825
3421078596
3624850197
3465082719
3426519708
3916820457
3160425978
3780241695
3761980524
3109678245
3541760298
3408569172
3048196572
3167049258
3896450217
3845917602
3281796405
3175698204
3698421705
3420796185
3528417096
3715640298
3650429187
3987415260
3627549108
3164827095
3120457896
3098461752
3075241896
3289470165
3089427156
3261809457
3478290156
3964510728
3850962714
3102947658
3689021754
3947065281
3912708546
3856190427
3460972185
3059827164
3549672081
3749862510
3965014827
3947861052
3598471620
3792845106
3984651072
3127046859
3179548062
3691257408
3279865041
3107258649
3687924501
3608954712
3298415067
3618795240
3160258497
3160594872
3745280691
3407861295
3819540276
3198740562
3561249870
3609157284
3849072165
3291560478
3759182064
3048527619
3617985402
3419806752
3215479680
3756218490
3801465279
3165894072
3910564278
3697125408
3205719846
3074529681
3786904521
3429807165
3648902571
3526104798
3072569148
3027984165
3508641297
3802695471
3781509264
3950241786
3471960285
3945027168
3805729641
3942807156
3426759810
3795801426
3186205947
3861027594
3186045297
3654281079
3254681790
3049172568
3107459826
3741826509
3185907264
3670285941
3285649107
3059186427
3615492087
3518694270
3569187204
3608951247
3210854976
3842517069
3806195724
3075612489
3016597284
3847096215
3176824095
3701589462
3712809564
3140962785
3270149568
3871056294
3084561972
3029587641
3249608715
3691508274
3206479581
3170942586
3941702568
3842176905
3618705429
3685794012
3608572419
3065921748
3152468790
3705814692
3984027561
3276508491
3946102758
3659287401
3624178950
3295086147
3657180294
3728654190
3189754026
3467812509
3628914075
3475698210
3428907651
3724810956
3150469827
3678421509
3748026591
3462870591
3540296871
3910274865
3648025791
3856042971
3190865724
3216485709
3067215489
3904562187
3980651472
3694852107
3587219064
3750986214
3196705824
3512790648
3076581492
3094581276
3045786219
3520976481
3485210967
3609257814
3710624985
3281697045
3761508294
3490761825
3426097851
3940658712
3590128467
3980712546
3751820694
3597120684
3564091278
3974261805
3412706589
3784620195
3259864170
3012954867
3186025749
3149085267
3704182695
3901258764
3840195627
3910576284
3048769251
3906271548
3195860742
3094281765
3548619270
3960281745
3542867190
3268715049
3256809174
3467809251
3748015692
3571094682
3416920587
3786410952
3872109645
3152940876
3861279504
3842907516
3904875162
3790148265
3541826907
3690174285
3260951847
3821709654
3108625479
3167420958
3426509718
3024968517
3819574206
3495061728
3756492108
3870695421
3649807512
3275984160
3164209758
3520416897
3105974268
3219650874
3869270541
3592184067
3796054182
3128609574
3825940761
3962075148
3284097156
3591620847
3956201784
3642170895
3871640592
3952810476
3074192865
3896715420
3407895261
3584701296
3598147602
3607819254
3812045967
3981402576
3467510289
3840762591
3986207541
3872051946
3106794582
3485697021
3207986415
3596401287
3520976841
3147902856
3182497065
3746915820
3780495612
3062497581
3814976205
3061297458
3528104697
3095842671
3714956280
3251604879
3501968742
3486579201
3697215084
3821697045
3142987506
3201468957
3986075214
3874026591
3054729186
3951074862
3786249051
3789642015
3580146792
3016548729
3146529870
3042589617
3162480957
3857041269
3150789246
3649025817
3149670528
3972580614
3259807641
3941680527
3592861704
3651207894
3104578296
3906142587
3472860951
3810974652
3290148756
3847026159
3486905721
3750416829
3849016257
3491762508
3864175029
3845761920
3794512680
3648501297
3956481270
3928176405
3946518720
3207945618
3205186794
3759841206
3719852064
3942017856
3219578046
3287051964
3821076945
3742658190
3169425087
3814052976
3926581704
3954261870
3921865407
3168724950
3721984056
3159408672
3642590817
3571092468
3817569204
3529107648
3581476290
3714890526
3048716592
3054928716
3145207968
3245869017
3518702649
3274156098
3918507264
3891042657
3054816279
3627815490
3109658427
3095726148
3749680125
3985167204
3187069524
3578691402
3860249157
3981704562
3628145907
3419670825
3821067954
3641970582
3067924518
3712596084
3495206781
3768521049
3729041658
3180596427
3216708549
3861947025
3702964581
3972614058
3582096471
3042876591
3094675182
3572984106
3590217846
3495218076
3741605289
3250647819
3074896521
3852049761
3879562014
3451872096
3514826079
3946572108
3451206879
3712496805
3792145860
3124067985
3491850627
3016742859
3642097851
3042968715
3046917852
3290856417
3178625940
3642109587
3196524087
3564189702
3521904687
3869475210
3526017948
3148729506
3198740652
3140726895
3152940867
3802659714
3478062951
3960712584
3819056247
3602591847
3047186925
3570169428
3719280564
3702169584
3891472560
3792185406
3419567208
3289450761
3798465201
3270481569
3718296504
3741206958
3217806495
3790548126
3958712064
3964087521
3217856904
3809247651
3925608147
3610825749
3745091682
3725941860
3659184270
3214098657
3290658471
3970216485
3940872156
3982576401
3571409682
3415786902
3821056749
3014852967
3745129086
3278451609
3987564012
3254871609
3594607128
3065798124
3207816459
3964812705
3487952106
3908542176
3897106425
3190745682
3571806429
3985762410
3461795802
3916548702
3524801967
3412986570
3648792051
3251076948
3825917460
3570964821
3840951267
3851690742
3548706291
3260584179
3295164870
3297841056
3410289756
3982016475
3907182564
3052748619
3587692014
3846017295
3287019456
3582467910
3850679124
3198752604
3756901482
3198245076
3209581764
3627541098
3247861059
3650824971
3250864971
3219570864
3485027961
3765210984
3415296807
3597412068
3218406579
3815629704
3782064591
3415976280
3582647019
3164928075
3817920465
3529018764
3581290467
3089146257
3865021974
3529186407
3589206741
3170648259
3589674102
3764928051
3579280614
3421680957
3809615274
3872059164
3642159780
3156289470
3426710895
3718549206
3740689125
3794851260
3602915847
3860924175
3546108927
3081597642
3806597421
3502948716
3268019754
3974150268
3078965241
3127456809
3657012489
3952846107
3485602179
3654782019
3152480976
3014685927
3167052489
3296815047
3841297650
3095842761
3945012786
3085241679
3547601829
3876214095
3407862159
3709564182
3954076128
3268910547
3572468910
3240675891
3920754186
3167054928
3847106529
3510689427
3768521490
3210768459
3625981704
3578420961
3650712984
3082697514
3420785196
3190468275
3928467015
3682951470
3692517048
3906814725
3794812506
3672415890
3897621405
3749510682
3925184076
3516829704
3429608715
3926850741
3652149870
3490281576
3018476259
3951870642
3405128796
3125478609
3071826945
3790625418
3826140597
3874519260
3026948157
3547180962
3189456270
3285617409
3874061295
3281074695
3624150897
3491826750
3687204915
3048167592
3186950247
3296784015
3875619024
3691075824
3092175468
3870941256
3507469281
3126457098
3752416890
3105268479
3695274801
3729510846
3760425198
3894607521
3290854617
3614982750
3409178652
3892657104
3751264809
3674250189
3968457102
3570294186
3574069821
3897461250
3750924816
3140869572
3087214569
3698240517
3912465087
3264780591
3549081672
3276185940
3908261547
3065941728
3124908567
3450769821
3109658742
3640178952
3829501764
3684509172
3104798562
3981074256
3612054798
3269780541
3602715489
3520471689
3095247816
3619275408
3709851264
3924708651
3859021476
3129580647
3510746289
3195207648
3958712064
3872641950
3762415908
3809471625
3046752819
3085472961
3402856971
3160549827
3024195687
3892610574
3749506821
3184527069
3280549167
3867519042
3507486192
3918270654
3467289015
3756201489
3982416075
3240981576
3257491680
3452198607
3841970526
3421905687
3925071846
3816725409
3794825601
3954821706
3580267914
3456018279
3965072148
3820547691
3109652847
3659782041
3092684517
3876142095
3895721604
3501924867
3908762451
3287940615
3465197802
3861709452
3209671548
3452961708
3610574982
3806519427
3708264195
3497621085
3064197285
3547920168
3804621795
3246501987
3502816974
3260518974
3698547210
3642180957
3621950748
3897256014
3527916408
3968425017
3268579041
3147892650
3712654980
3459182607
3570218964
3024958617
3596701482
3092846175
3416279058
3426907581
3867524091
3901628475
3875042619
3598762014
3689025471
3850614279
3284195607
3642985701
3678052941
3462198057
3864207519
3021698754
3942761580
3698270514
3701859624
3498512067
3691072584
3724096185
3542710986
3278610594
3126850947
3681509247
3489715062
3186592740
3219807456
3471026985
3045692718
3416820795
3517602489
3065287914
3629805471
3687140925
3482056971
3159480672
3814607295
3521786940
3427198506
3406271589
3285761049
3519284760
3208176954
3520178964
3975168204
3914806572
3506987142
3758241096
3164095782
3059471862
3728041569
3580971624
3649780125
3807925146
3084561927
3572106894
3410582697
3180765294
3018249756
3527698014
3452896107
3715428906
3904751682
3672941850
3827905641
3495176820
3481607259
3092657148
3914807265
3495216870
3715608429
3265917480
3487691250
3480761952
3859270146
3106249875
3176208945
3127068549
3065129784
3781540269
3602417958
3560179284
3564081972
3518794602
3254178096
3601425987
3602149875
3102594687
3148509627
3710856942
3268794150
3192745608
3412890576
3264950871
3956207418
3910284675
3461095827
3608952147
3720851964
3172895640
3457968102
3654021879
3948251706
3875246901
3240716859
3278150649
3429068715
3796021458
3094285167
3478162509
3096741825
3607942851
3197460852
3268054719
3802764159
3271608954
3840127956
3280197645
3742059681
3764985102
3857196204
3240961875
3709812564
3417982056
3765192408
3621759048
3082146795
3027845169
3784516029
3018276945
3985610724
3175820694
3479861502
3486921705
3165847092
3280154976
3720981546
3698072451
3689172450
3297086451
3695748021
3019748652
3629471508
3709215486
3594612780
3406172958
3094682571
3465120798
3720658941
3784510269
3720461958
3907654128
3120749865
3615792084
3851409627
3297081645
3769052481
3590682714
3159260487
3461095782
3071459862
3975160482
3608245791
3718542690
3128596470
3127504896
3897160524
3459160728
3592861470
3945107628
3019427856
3950742186
3402517986
3149760528
3165708924
3194706582
3267140958
3975416802
3024759681
3609524178
3089547216
3582704169
3265098174
3758491026
3178465920
3485126709
3640159872
3615842907
3067284519
3609482517
3961547280
3162890475
3702598416
3185762490
3865920471
3159806742
3098246175
3815904627
3086542917
3146582709
3602957418
3470285196
3549167082
3081926457
3567801492
3659827401
3954016827
3027416985
3894167025
3042175968
3182965740
3509261748
3284519076
3178056492
3426018795
3697258410
3256178940
3679504218
3982754061
3502649871
3207981564
3962581407
3597201846
3590247681
3457609182
3271894650
3485706291
3261470859
3946805271
3402956187
3709452168
3045628179
3157629804
3819624705
3875496021
3186950427
3784106925
3458169720
3249758016
3479820165
3871654092
3185942607
3601825749
3961407285
3540629187
3279856104
3657914082
3802915476
3486705921
3026958174
3465107289
3187496502
3872196405
3752164809
3541789062
3462170958
3547261908
3698140275
3521968704
3754296810
3728405196
3841975602
3642795180
3405962781
3850276491
3427981560
3679850412
3172684509
3901748526
3980457621
3908725146
3160742859
3216574908
3028417659
3814972056
3041795286
3624517809
3506912847
3098561724
3492816705
3861590274
3179506428
3760521984
3497625081
3625974018
3785962410
3965204718
3157906482
3915867402
3146857092
3985170246
3879201456
3610894752
3741965082
3174506892
3748062915
3195476028
3469027815
3102694785
3509476281
3917620845
3018427965
3461809725
3901758462
3150687924
3198602754
3407196258
3918026475
3954820176
3815476029
3602187954
3064782519
3762185490
3760594182
3810756942
3640829571
3421967085
3650149872
3914527086
3068147529
3129084567
3078165942
3156970428
3895617402
3970568142
3095672481
3092756184
3056247819
3645178209
3461975802
3085746219
3574182096
3649750281
3917265084
3792804165
3104672589
3975018624
3961075842
3476910258
3752601948
3286701945
3402165879
3582967014
3872964150
3986275410
3412978065
3867210495
3542106798
3061284597
3708429516
3504189672
3265940187
3156097284
3416980572
3275806491
3917654802
3462571890
3724015986
3687152490
3401895672
3502179684
3146250897
3768259140
3475098162
3492081756
3097641258
3054679182
3496180725
3675289410
3897546120
3970526184
3106895427
3475820961
3271894650
3051894672
3860457192
3062517984
3608945127
3975012648
3569048127
3467519280
3068492571
3978125046
3502684791
3814902567
3256470198
3748296150
3085279641
3765284901
3684950712
3120984765
3257108496
3198024576
3148769502
3465089172
3870265914
3206489175
3167845092
3482065791
3127840569
3517028649
3957624810
3164970825
3126857094
3769820154
3082459176
3615098742
3947561820
3154287609
3107498625
3491867502
3964018257
3901875462
3142069587
3857419026
3129856470
3497218560
3542069817
3617425098
3674928105
3759042861
3741029568
3982047156
3129467058
3104568972
3860459172
3847051692
3496521807
3241580976
3746102589
3798156240
3190265478
3409215786
3128459076
3064857291
3847029561
3891264057
3274815690
3578462901
3610784295
3857692014
3578694012
3657810294
3947610852
3680257194
3218946057
3728649051
3471502968
3720869514
3218694507
3081694257
3169745082
3815907426
3907418625
3945827610
3096284751
3691528740
3415027896
3297458016
3570429816
3671540298
3071429856
3058196247
3079824516
3047586912
3298476501
3580194726
3674915820
3684150279
3162547809
3806541972
3709245861
3871496502
3790541826
3289706415
3468729015
3082917546
3719280564
3609587214
3749205861
3851260479
3459026871
3286510974
3847062195
3489126057
3152846709
3476591082
3465978210
3267480159
3024915768
3240985761
3457986012
3072169584
3149286750
3684215790
3214978560
3219478605
3598674021
3786291045
3045916278
3501862497
3401972856
3140295687
3258409761
3298574601
3182654970
3592786014
3658920741
3425806917
3507619248
3416790582
3025897146
3629850471
3174985206
3927416850
3495068217
3761298045
3902864157
3275019648
3071452689
3801692754
3906127584
3804216597
3710298456
3042576891
3501246978
3497682105
3569408712
3718965042
3281579406
3128697405
3510274869
3129857460
3759184620
3916458720
3796205418
3802695174
3594178602
3596812407
3421675890
3890675124
3206519784
3572691408
3271598460
3964712805
3597620148
3294158706
3257186409
3506871492
3795416820
3950841627
3940815267
3067954812
3420981657
3986207514
3471069528
3457821609
3147982065
3472690851
3649128750
3861942075
3957016482
3964512078
3246819057
3560789421
3921407568
3726109845
3951608427
3176984502
3108567924
3527148960
3247159068
3287409156
3521607498
3795260814
3148209576
3701254689
3729560814
3087652149
3092541687
3196827504
3254769801
3928167450
3481925760
3869725140
3826901745
3629485071
3918572046
3159647802
3172064985
3612078954
3920541768
3142865079
3708462951
3724901568
3462781509
3148596270
3641807925
3659041827
3567840219
3741096528
3968204715
3715062489
3409576218
3719068425
3907854612
3856297401
3054271869
3456781902
3940758216
3759218406
3917620458
3190524786
3625417908
3451720689
3128749560
3967510482
3197642850
3241865907
3194720586
3210976548
3416095827
3596874210
3109285647
3217098546
3609718524
3452608971
3890156247
3759642108
3685041972
3482791605
3016785429
3764589021
3268451097
3869201574
3469510872
3512790846
3052914678
3617289504
3514902687
3514026789
3751862409
3786095412
3287690514
3902851764
3819740625
3495027186
3541096827
3248165970
3176584092
3946518720
3174902865
3914578602
3489162507
3704268159
3965041872
3947052681
3204851769
3904518726
3748596210
3564129780
3782564019
3820564971
3740268591
3490285671
3017586429
3804519267
3907146528
3916527480
3087914562
3458790216
3425076198
3254891670
3081749562
3674589012
3798210546
3058421967
3467159280
3086592417
3027169584
3562189074
3628041975
3840596721
3508146972
3291654078
3596802174
3572498106
3628714095
3720618945
3279810456
3942178506
3976501842
3514027968
3628904715
3196784205
3759126408
3490172658
3907164825
3426870519
3614025987
3024571986
3976581240
3579162084
3804725916
3648079251
3906741258
3462789051
3291046758
3058479621
3916042857
3750168294
3549102768
3715208694
3687450912
3715280496
3076195248
3814257609
3275019846
3895174026
3207541896
3589617204
3165082947
3271560984
3704596182
3964820157
3408617952
3924165780
3954870621
3297648501
3819425076
3187406259
3461980752
3792841506
3256410879
3974812065
3764509128
3286501947
3689742510
3406187592
3956072418
3564927018
3906718452
3567982104
3570296148
3462089715
3016597482
3596480271
3678215940
3087216495
3604758192
3198652740
3954821076
3529461807
3048562917
3726409815
3059472186
3058124976
3749582106
3971025468
3174602895
3268547190
3195760248
3297065418
3796204518
3674980521
3476521890
3782651904
3451269708
3902584176
3752906814
3892105476
3469201758
3051926478
3427816590
3854760192
3609857412
3086942715
3865210479
3678925014
3854612907
3826509714
3406129587
3074692518
3867125904
3476581092
3406917528
3458267910
3642507981
3218079564
3754608192
3085276149
3508976214
3068745291
3845027619
3708291546
3049127865
3725469018
3704519628
3059628174
3514769208
3167598402
3295076481
3168952047
3285647019
3658079241
3082916754
3695724180
3104285769
3597840162
3851694072
3812605974
3265947801
3527806149
3285916704
3426571089
3748196052
3542108796
3276984150
3145278069
3259760418
3958047612
3107624895
3841956720
3521908647
3517694802
3640819275
3795021648
3829465710
3760154892
3569184702
3569208417
3708294516
3918427506
3159476802
3450672981
3560724198
3426571089
3146520987
3796584021
3025741968
3904682157
3169824057
3576948201
3218469507
3485107629
3245617098
3026591874
3096258417
3875964210
3148975062
3809624715
3964520817
3560947218
3721564980
3201687954
3716980452
3096852714
3802469571
3645790218
3298061745
3250679481
3165407892
3948027651
3508261479
3879401652
3951876204
3178250964
3807251964
3189407265
3608291547
3918740265
3406895712
3142709685
3509714268
3075846921
3270416895
3709542816
3956214870
3094865172
3591674208
3604981752
3402168957
3674982501
3967528041
3578490126
3584627091
3760584921
3720196548
3671420985
3570941682
3026849571
3148697025
3269078154
3829075146
3541268097
3068921457
3872614905
3691725804
3058621947
3085912467
3280547961
3026187549
3416095278
3491725608
3124508976
3620589741
3269140875
3760845192
3652807941
3491508276
3250187946
3914760528
3748519062
3760254819
3692540187
3169245708
3168249750
3241960578
3758612904
3957041826
3460925817
3042176589
3285476910
3720451896
3762941085
3967812450
3286594107
3659421780
3627905418
3185947602
3546710289
3247950618
3742815069
3860951274
3894652710
3850241796
3618507924
3268405719
3924568107
3217490568
3942601875
3916728045
3241760598
3580291647
3581427096
3187965240
3528107496
3890675241
3126450789
3089241765
3182967540
3946508127
3026548179
3059821764
3687590241
3085246197
3960218574
3528417960
3516084972
3721694580
3067528941
3521046897
3417968025
3954681072
3712064985
3971028564
3614258709
3945108276
3456297180
3528647910
3560921784
3957416280
3476128059
3628071954
3140926578
3582046791
3891275406
3208417965
3852014967
3647801259
3752406981
3157968042
3691504872
3502194786
3571948206
3845197620
3629084715
3624871905
3786240591
3965842701
3148027596
3296041758
3679421508
3698241570
3014796285
3094528671
3175948206
3091824765
3519640872
3169270548
3069145278
3091264785
3809156724
3410928657
3590684127
3719842506
3247801596
3768105249
3164298507
3208945176
3982576104
3496108275
3715482609
3594621078
3896417502
3487095261
3817459620
3682015974
3651092847
3651807924
3541067982
3469875012
3601927458
3874905162
3264917085
3685120794
3105467982
3258049716
3147925860
3619485720
3092417856
3204657981
3067249518
3145709286
3471208695
3169257084
3982510467
3816470592
3620814795
3594186207
3796280145
3427689150
3586247019
3809412576
3197250864
3081452796
3974608521
3407592618
3240675189
3456182907
3219604857
3962158470
3684715209
3678491520
3157942860
3657024891
3015429687
3584267091
3618904752
3458029167
3925807614
3064592817
3086942715
3571204689
3157946028
3465102798
3289601754
3492056178
3490752618
3874519602
3809651742
3268415079
3569487201
3184502967
3758194260
3126897054
3205781964
3127048659
3685072194
3472605819
3640791825
3457910826
3782096145
3915204678
3584102697
3059412786
3541027986
3627849150
3061857249
3829051746
3742056891
3017592648
3089162457
3814756092
3175846920
3765089214
3041927685
3968072541
3924817056
3758016249
3451897062
3946217850
3105246798
3591648072
3486179250
3542071986
3149072856
3567840192
3912876540
3849210756
3807126954
3982015674
3069178254
3271680495
3592170684
3629415708
3506928174
3481720965
3681502794
3976012458
3482960517
3092648517
3620194587
3820946715
3269504817
3415068279
3642871905
3127846905
3625891740
3480562971
3751948620
3147968250
3785419602
3478652910
3426870915
3197486052
3902416857
3569847102
3605289174
3247856190
3027146589
3812597406
3046912578
3487192650
3125609478
3194750628
3817592406
3082961574
3064718529
3024869571
3425918760
3561802974
3840621795
3671908524
3207869145
3061742589
3680259714
3274569108
3569870214
3741209865
3726059184
3417268950
3461279085
3679452801
3582976410
3501846792
3819645702
3078291645
3129648075
3852094617
3027154698
3490257168
3146089572
3627105948
3619407825
3952618047
3265147809
3587429601
3247195680
3962148057
3154209678
3851670492
3276498510
3795841602
3461987025
3187549620
3475960812
3216548709
3609275814
3264519780
3012647598
3219670485
3870216495
3025817694
3469721850
3419657208
3561740298
3125079864
3104269578
3609581274
3529146780
3605782419
3809712465
3295047861
3596210487
3641258097
3685907124
3190527684
3721986054
3406897512
3814756029
3169824705
3684152790
3972058641
3198072546
3675418920
3591276084
3916528704
3012754869
3894250176
3098761542
3587960214
3120784965
3057294861
3417620589
3765180429
3657480129
3528790614
3492587610
3207961845
3764589012
3792061548
3647950821
3906852174
3976284051
3185049276
3265814079
3965780412
3467582910
3809745261
3402769815
3074569821
3671048952
3876420195
3027964158
3859126704
3680147952
3189206547
3612589704
3091426785
3260851794
3205419687
3168725094
3852076491
3815294670
3920546178
3497251068
3914062578
3276895140
3456721098
3279108465
3685094127
3107825496
3254107869
3764952810
3601294857
3275419680
3921607485
3509678241
3786012954
3915467820
3890245761
3095418276
3786052194
3610542987
3712594068
3104985276
3194276850
3865710492
3820714956
3897162504
3628194750
3047829651
3085719642
3904157286
3954267018
3185042697
3915648072
3871649025
3205647189
3786194052
3549268071
3704589126
3607529814
3068412975
3678012945
3659702184
3701689254
3801942765
3804275961
3504726819
3694715082
3150942768
3682097514
3907125486
3795018642
3854026179
3562718409
3201689457
3298154760
3976045182
3875412069
3157094682
3120548697
3746021859
3418652790
3402957186
3054872619
3647058291
3972180456
3570429168
3719280654
3417925680
3768520914
3824179056
3876951204
3928476105
3841925607
3694187205
3057486219
3540296187
3507846192
3659478201
3091286754
3485916072
3108729465
3219085647
3876150492
3419870652
3914785206
3049861275
3852496071
3491720568
3592486701
3901678524
3985614702
3765192084
3956271408
3150476829
3450789612
3125604879
3928165407
3695184027
3572148609
3672804519
3954827610
3217065489
3270685914
3087642915
3642815079
3682047915
3460172895
3952476081
3956280147
3018624579
3479526180
3801729546
3249651087
3108475269
3640219785
3914728560
3026841795
3758140962
3620541879
3240185796
3028197654
3065912478
3872154069
3572106948
3519706428
3486071592
3706125489
3840167295
3156920487
3571842906
3258046197
3495780621
3901682574
3025871694
3026579814
3501247896
3250718496
3597416208
3291568074
3584619027
3569702481
3982140567
3684270195
3850714962
3450296718
3506127849
3896702541
3920571486
3451082796
3594762108
3546807192
3287491056
3402951867
3945670182
3568142709
3872941056
3120784659
3759420816
3190275684
3087965241
3180924675
3274956801
3064871952
3427506981
3542801679
3867419520
3748695021
3564187029
3572840916
3927018645
3156897024
3582196074
3982751460
3682105497
3652084179
3089216574
3587421096
3796480152
3195260847
3976281504
3097125864
3971285406
3489602157
3296581470
3765084219
3054261978
3421975608
3504621879
3902164758
3506472198
3916480527
3186059274
3572849601
3089146725
3742569810
3572816094
3854671920
3657089142
3645718290
3475068912
3965217480
3892106547
3954607182
3728459601
3648571209
3712860945
3041728596
3294867105
3594168207
3816549270
3084297156
3189750426
3691784025
3416087529
3468251079
3412058769
3075964821
3170684295
3746015892
3750861429
3716290854
3876401259
3946780125
3281049576
3420758961
3701694258
3748605192
3978402615
3481659072
3189627504
3158426907
3108679524
3192748650
3612405897
3561402798
3498015726
3451679082
3275186094
3725081496
3164802759
3074658291
3642850197
3720965148
3614279850
3465719028
3754120869
3276895401
3542691708
3091245867
3097482165
3761598042
3296785104
3107895426
3956041827
3496852017
3275809461
3804562719
3906451827
3486712059
3781094256
3792548106
3764501298
3479608152
3465891072
3904687125
3452096187
3715489062
3489726501
3759218406
3094681725
3876921054
3021986457
3691842507
3507698142
3742109685
3094167528
3208419756
3196472085
3512809746
3905481726
3951872640
3576280941
3976125840
3491587602
3012476895
3751809426
3608492517
3145276890
3986570214
3401792568
3809514762
3682714059
3782491065
3864290715
3716028495
3496821570
3845207619
3251480976
3520968147
3609215874
3420671985
3489726015
3470921586
3516478920
3168095742
3914278056
3458270961
3059847216
3278594016
3754618290
3871624950
3519068247
3495082176
3425678910
3956071482
3748261590
3056142789
3489570621
3591870462
3018576942
3486951702
3702651894
3516894027
3675142089
3601785249
3458072691
3904521768
3602915874
3948526017
3920654781
3542801697
3279061854
3607942185
3418756920
3628795104
3018946527
3576210894
3754209861
3809256417
3986521704
3186902574
3708542961
3821450679
3265890741
3541679280
3597128460
3186570492
3586029174
3518472960
3107846925
3148025976
3096578124
3897215064
3496085127
3714682059
3147865290
3028945671
3209715486
3805947621
3876204951
3459762810
3059614782
3019258647
3680419752
3520941876
3642197508
3421759068
3629415870
3602481759
3402587691
3109457268
3279560481
3468501927
3251674089
3490728651
3674529108
3071569824
3580647291
3760519284
3701296548
3170968254
3941502876
3578249601
3817450629
3206481795
3297154086
3246978105
3408921756
3427510896
3140965872
3576491082
3508217946
3069472185
3179240685
3795208614
3018695472
3298470516
3679481025
3728641509
3524107869
3189702546
3614082957
3709641582
3456908217
3912475086
3281049765
3860542791
3695278104
3472695081
3196082574
3160594872
3658479102
3452698170
3896510247
3201489567
3289765140
3246918057
3247890615
3701894526
3195042687
3168902457
3195487602
3952674810
3019487526
3024157869
3685109742
3670495182
3269084751
3406195287
3046512978
3952710846
3615489207
3860745129
3614789520
3918062547
3294751806
3082691457
3205897614
3920864751
3074529168
3640957128
3864592170
3051697428
3456921870
3578196024
3905768124
3798521460
3218459607
3916472580
3287610459
3891426570
3501846927
3540672981
3520967148
3641950872
3281567049
3197654028
3219584706
3045869172
3971205648
3712405968
3071698542
3471956280
3051982764
3798062415
3604712598
3072485619
3067492851
3714250689
3920564817
3456072891
3094175682
3608259741
3812079645
3670451892
3416982705
3485697201
3597642081
3684271590
3517204896
3921687405
3798546021
3617402895
3512968047
3675102894
3852697014
3519462807
3120597846
3916072854
3562481097
3504287916
3497856201
3689274051
3240759681
3768415092
3869514270
3890452167
3058762194
3582476910
3817624905
3465870129
3784956120
3752840961
3485792601
3089751624
3120685794
3749628015
3795261480
3910857642
3068541972
3960724851
3794260815
3816042759
3475621980
3249501678
3074268159
3672049518
3205814679
3068247951
3618574209
3702946185
3968105427
3549762108
3524619870
3784950621
3918475620
3197284056
3906541782
3920485617
3984762150
3928165740
3176984250
3498516027
3048975216
3648257910
3475981620
3694507821
3410987256
3804916527
3841569720
3415896702
3107654289
3608724915
3854621907
3574892061
3026954718
3504982761
3192847605
3108625497
3120965487
3250847619
3729160854
3184750926
3587610429
3504691287
3802914756
3864591027
3619207458
3591204876
3256418709
3215674908
3041956278
3418720569
3125748069
3506418297
3154860927
3462785019
3784150296
3019784256
3482507691
3809256417
3519076842
3752810649
3210987564
3812406597
3680215974
3926071485
3581947062
3254819760
3276940518
3150276948
3859726041
3710492865
3520786194
3680752419
3962154807
3078456129
3705216894
3042917856
3701285649
3804167259
3291075864
3064928751
3486912057
3205461798
3674095821
3489602751
3846729105
3786015249
3492187605
3028647591
3498571062
3592768410
3489076152
3269784150
3064157289
3064789521
3714928506
3416250789
3109856427
3085129476
3802596147
3529016847
3652401987
3615409827
3790564821
3572906481
3620479158
3892701654
3629185047
3751920864
3790186254
3709428156
3682091754
3751406298
3658192740
3091642875
3681409527
3157840269
3027698415
3795410268
3821695407
3905461782
3584169027
3967102548
3645702189
3748956120
3904571826
3405289617
3046518279
3208657491
3860192547
3849512670
3594728106
3604857921
3628709451
3214079658
3982506714
3865719240
3496821750
3061459782
3148705629
3690712485
3569214807
3194086752
3421795086
3761025948
3016947852
3821069475
3450169827
3024751968
3481207695
3168054729
3152406978
3265748910
3057926814
3809647152
3085176924
3254789016
3587410296
3951078264
3620189457
3851270496
3502469817
3961280574
3041927685
3902764518
3479528160
3967582104
3976124850
3629081475
3105296874
3620578194
3061289574
3964502781
3976218405
3702581946
3604892715
3658097412
3841526970
3268109475
3576281049
3697102845
3870291564
3126875409
3019548267
3205186794
3468719052
3907526481
3625901487
3017984652
3675819240
3158604729
3780214695
3852746190
3786921045
3647251089
3592017846
3698520714
3874906251
3890124675
3847620915
3218695074
3125908467
3281904756
3906815274
3097256418
3867410259
3492601785
3149286705
3146285709
3605427198
3210548697
3964582170
3785126409
3406859217
3072598164
3654278910
3216058497
3482610957
3548902761
3876524901
3256498701
3917648025
3549867021
3986572140
3905182746
3756912084
3209165748
3012549678
3921547806
3162498750
3576204189
3018249657
3091728456
3954260178
3152608749
3104527896
3592408167
3517849026
3740915628
3609784512
3065219784
3542107689
3617908542
3582614709
3145729086
3819750642
3895170264
3829605741
3014592876
3875216490
3041297685
3057628914
3198546720
3086215947
3759248016
3290876145
3952186047
3029876415
3076829514
3796214085
3740829615
3462078519
3081752649
3574016829
3518942670
3546021789
3120764958
3519762408
3708562491
3924658701
3802165479
3287496150
3427019865
3850196742
3052784961
3081427596
3087415962
3128465790
3746519082
3295476018
3567082491
3971548062
3502781649
3860154972
3418975260
3120874695
3472906581
3724508196
3678052194
3657091248
3781209645
3819540276
3089126457
3257490816
3017495682
3872561094
3182960475
3028976514
3015796248
3784506129
3751908642
3892701456
3249657018
3089516427
3981752064
3706248915
3295148067
3869401257
3069125748
3075628914
3965147208
3247610598
3598241076
3547016298
3546718902
3418057926
3725840916
3206951748
3205487196
3548972106
3524019786
3740218956
3614275980
3128749560
3175604892
3574106289
3209741856
3857962104
3506142798
3621057984
3402986751
3104728965
3186457209
3150647829
3689105472
3846915270
3786524901
3062875491
3025648971
3120675489
3710948652
3670592184
3759621084
3518742609
3561407298
3549187620
3468709152
3872651940
3758924610
3207198645
3127948056
3409615278
3024867591
3769524180
3419867052
3049187526
3814507692
3451087962
3917562840
3710986524
3275819640
3785420169
3097145628
3148209675
3719258460
3156290784
3129586704
3052748169
3501769824
3154608729
3179642805
3015496872
3251794608
3709152864
3206587194
3921760854
3795240186
3065189427
3780194562
3612874905
3528964170
3605942781
3147658209
3194580627
3579210846
3907485162
3198076542
3904871526
3741905268
3412059678
3172804965
3120587496
3569812407
3472689051
3487295610
3750942168
3904167258
3849201765
3627401598
3208154769
3501697248
3952810647
3652907418
3259780416
3941827650
3179206485
3426915708
3598604721
3045261897
3976214850
3825047916
3821695047
3850164297
3014256978
3908615472
3791046852
3849152076
3056724819
3642815079
3947160528
3786950421
3105726984
3410682957
3915048672
3076892514
3740921568
3846210597
3620984157
3490126785
3482075196
3018465972
3648721590
3456270891
3741682095
3694087152
3145978206
3476582109
3964527810
3197642805
3471029586
3429861750
3728154960
3096425187
3794501826
3875290461
3416570289
3640721958
3027584961
3068759241
3918624057
3986501427
3680915472
3760241589
3065189274
3467901825
3458901276
3860917245
3695810247
3160785429
3857690214
3406129758
3592061487
3825410976
3564810972
3892570146
3618049725
3051647829
3621754908
3147809265
3247165908
3412956807
3402896751
3280576149
3960781254
3715048296
3078491652
3697251408
3518469720
3908265174
3719564820
3921058467
3126940857
3201865497
3462801597
3516420987
3964580127
3725169804
3186472059
3852416790
3289601754
3796815024
3046579281
3028469157
3841295076
3621408597
3897150246
3084216795
3492106785
3264187095
3276491058
3850146279
3410276895
3256794108
3752109684
3609412587
3514082967
3590461782
3597182064
3574621908
3195860427
3794061258
3451067928
3704826519
3692718540
3268095417
3406827951
3178246059
3605971284
3946507821
3102856749
3246785019
3805471629
3180749256
3508279416
3546278190
3948506217
3450816927
3015742968
3196782054
3274195680
3806479512
3816092745
3682945107
3029185746
3428795106
3850974126
3471602598
3127960584
3875902461
3627195480
3792158460
3958721064
3021695874
3974061258
3184970652
3064128975
3526904178
3970461582
3214697580
3087241569
3721958460
3845670192
3578209461
3869057412
3647581290
3164509728
3590618742
3745960821
3701426598
3017926458
3206198475
3971528604
3409261578
3841709526
3917608524
3257061498
3860497521
3746152890
3867950124
3571209864
3257806419
3892106574
3016849257
3682051794
3916508247
3485901276
3591867204
3921756804
3567091482
3186452970
3961254708
3248791506
3817462590
3859207461
3289176405
3859476210
3621079458
3480671952
3817096542
3409658721
3425709618
3547609812
3509874216
3897264051
3827506914
3648075921
3659107482
3150826749
3046895172
3168504279
3924580176
3824706195
3219570684
3819270645
3759084612
3408752691
3017259468
3562814970
3617248095
3528916470
3790426815
3712465890
3478961052
3796584201
3146028597
3914806725
3526974018
3196257840
3259601784
3490186275
3401765928
3196754280
3740618952
3978016452
3786102459
3421597680
3106527498
3605172948
3612948750
3189740652
3975160248
3406917825
3574126089
3947106258
3671920485
3485602719
3702198465
3065928147
3417520698
3075281694
3962157048
3976521480
3268079514
3547106928
3192450876
3502879641
3982604715
3764109528
3059428176
3129674085
3720589614
3059271864
3492105867
3175684209
3697214805
3845762109
3240569817
3754260891
3726018459
3025186749
3468709521
3714896205
3761408592
3276451980
3568420791
3267914850
3964571028
3258146079
3827695104
3198625704
3654920871
3278640195
3720458916
3785069241
3720918456
3841260975
3614589072
3845207961
3890217465
3170549826
3169208754
3897145062
3876294510
3450628179
3658194720
3724659801
3145896702
3087416925
3019254867
3941627805
3720498561
3245198706
3801947526
3456098172
3408597162
3950287641
3459862107
3780241695
3674189250
3796281054
3210946587
3812965740
3957046281
3974682150
3786412059
3647015829
3965471208
3069748521
3702594168
3609287154
3250647918
3729158460
3018947265
3256918047
3496205781
3704618925
3410758962
3470928561
3048169257
3167259408
3815920467
3257081946
3276014598
3609814572
3275960481
3475921680
3902145768
3964521087
3076149852
3167502894
3412069587
3850264719
3190645278
3705469182
3205168749
3214876905
3524187069
3201968745
3206854971
3954786021
3587192604
3952684701
3812067549
3175802496
3247861059
3045128769
3128067954
3682105497
3714628905
3908675412
3891574260
3475826109
3480276195
3412875690
3864975102
3954817260
3657014289
3926185074
3917084562
3804517692
3649850127
3062784591
3847691250
3916704258
3781692405
3275689041
3027681945
3870926541
3586174209
3701486529
3698741025
3042159786
3981460275
3041628957
3148607259
3074189526
3840156297
3598140762
3251746809
3154086729
3450261879
3458701629
3749206815
3179504286
3016894527
3607149852
3564289701
3471260895
3589206471
3685729401
3601582749
3659748021
3459612807
3872105496
3602785941
3970428615
3926517480
3165298047
3419862507
3157620849
3509261748
3197640258
3501294876
3412685709
3451970628
3791426850
3247891605
3897042651
3825041967
3798160425
3489167025
3759061284
3760291845
3706514289
3762458901
3157960824
3840157692
3567419280
3689102457
3607912584
3490218756
3804912675
3812574960
3987451620
3156490278
3798140562
3654719280
3216047589
3408526197
3156892047
3075961284
3904657218
3142976058
3910528764
3741826950
3875169024
3429756018
3021967548
3076419852
3712968504
3291408765
3162950874
3485920167
3648752901
3786091245
3709128465
3480971265
3827046519
3620874195
3615279804
3241869057
3961754820
3041265978
3108924657
3659127804
3961248057
3467918502
3981256704
3670859241
3481275960
3048697512
3519267084
3957204861
3587294601
3268071594
3687509421
3652891704
3046521987
3540127968
3105928467
3417695028
3258614790
3658942071
3854761209
3951482706
3268041975
3826470195
3920846157
3017284596
3490851627
3961572804
3709542681
3874925016
3157690284
3206784195
3756241098
3924105678
3179648205
3982140567
3567840912
3987654120
3245089176
3614897250
3198702546
3276091458
3672049815
3926817540
3840719652
3465782109
3706915482
3984075261
3806594712
3719840256
3589072461
3716250498
3162579408
3821790564
3654801729
3914527068
3056981274
3702964158
3296584107
3750981624
3156490782
3948215607
3852041976
3021497865
3296804715
3609857241
3186290457
3046289517
3917028654
3890245761
3591642870
3249081675
3649801275
3945208176
3150672489
3279165408
3520861794
3508679214
3754291086
3105482967
3478905612
3694027815
3521968740
3580671924
3210465987
3019286475
3049758162
3027514698
3275914860
3078426195
3576280941
3912058746
3107248965
3491607582
3769825401
3945107628
3540796182
3605872491
3084297561
3015972684
3176850294
3085972461
3408592761
3172049568
3406851279
3027891564
3209761854
3257610948
3285041679
3046728591
3479615208
3054629817
3461297850
3078596241
3694501278
3812794065
3187950462
3497852016
3160728459
3796851402
3801542697
3941782065
3059462187
3217546098
3871902645
3412807956
3874659021
3946172508
3560821794
3054182679
3476058129
3158790624
3246715980
3610972854
3927814506
3847152609
3194508672
3187605429
3029465817
3862710459
3918402567
3564219708
3692017485
3954817260
3589467021
3128547609
3216945708
3427856910
3485971602
3476182950
3145726908
3095814267
3054891672
3705462189
3521908674
3169048752
3180569724
3069452781
3250619874
3029867154
3804517926
3548067192
3506278941
3857264109
3560824719
3098612457
3156402987
3491860527
3129607584
3498510762
3594287610
3160725849
3984210765
3862571409
3462589107
3419670852
3479158062
3560148927
3946257801
3450761829
3064872951
3402968175
3619725048
3582071694
3712504986
3750496812
3541768029
3870561294
3658079412
3671240859
3421598706
3804179265
3794861250
3654192078
3749205168
3062417985
3098125467
3184065972
3589410267
3092815476
3497105268
3052786941
3416972085
3582947016
3045968271
3902618574
3206178495
3169045872
3146907285
3621784905
3408657921
3296154870
3402591876
3190564827
3905182476
3678495021
3048961527
3521780469
3215946780
3162489570
3402978165
3094185762
3748516902
3968152740
3914570628
3470621589
3415098762
3980524716
3256718940
3012985647
3407892516
3189067542
3690245718
3098472651
3710258964
3791085642
3458917620
3748126950
3754680129
3965740218
3256098147
3285679410
3508276914
3751408296
3581647920
3572619408
3820961457
3082594617
3204756189
3209715486
3620194857
3620871954
3940167825
3146897205
3614052987
3192680457
3679428150
3096254871
3892065741
3827564910
3815407629
3294750681
3689170452
3716259084
3581247069
3682701549
3516702849
3108625794
3021786594
3627905814
3791058462
3461059287
3426089715
3806527194
3842516970
3874596012
3210785496
3620958471
3015842967
3971684052
3092185647
3258649071
3074596821
3074952186
3149065278
3756842091
3758906241
3457168092
3127948506
3670149285
3754089216
3961745208
3985076142
3584027619
3074958126
3769250841
3602418795
3214965807
3095826741
3972458601
3691458072
3208765941
3476501298
3628754190
3872154096
3569187024
3679120854
3756124809
3149065782
3541627980
3267458091
3416798052
3240768951
3048257916
3086924517
3249057168
3528961047
3527094618
3928475610
3620415879
3549206817
3609154827
3486529107
3145089762
3572608914
3167890254
3974028615
3150947268
3106792458
3501894276
3108469257
3854970162
3478196520
3245768109
3798512460
3526984107
3402851679
3209571684
3957860241
3071825469
3496175280
3920841576
3974108526
3749681520
3594082176
3612708594
3745091628
3816425970
3821465079
3815679042
3190258476
3829546071
3169758240
3974620581
3261590784
3908764152
3152608749
3497620815
3052614987
3765928401
3428576910
3761809452
3492615078
3408796512
3450127689
3074152869
3625470918
3674250891
3901486257
3617084529
3518692407
3152879064
3871206594
3986147205
3459061287
3709165428
3189027465
3189405627
3061852947
3468519027
3476805912
3680451792
3124958076
3518469072
3067812495
3089152674
3024671859
3598740261
3605892741
3748219056
3698501472
3917806425
3976102548
3157689042
3907564128
3701296485
3758146209
3159467082
3194062785
3127694850
3542079186
3149278506
3574801296
3127468095
3780512469
3159402678
3467812509
3105846927
3016972584
3946280751
3689152047
3107946285
3480561792
3902671485
3746580192
3908426175
3275841906
3978125406
3812705964
3628574019
3418750962
3924705681
3946527018
3781625490
3618902754
3426510978
3954216087
3901847562
3160972548
3765129048
3954061872
3495106728
3701584926
3481096752
3982067145
3217894605
3965081742
3879401265
3528067419
3019627584
3480271569
3519684072
3501472869
3871694502
3091586472
3584072961
3470261589
3291708546
3916857420
3426795810
3478159026
3760419258
3275194086
3508916724
3854792106
3721045698
3564721908
3902758461
3250714689
3861724059
3917640258
3782495106
3207189546
3891704625
3268015497
3156780294
3607812954
3504689172
3597280461
3561879420
3650914728
3574198602
3582904176
3027461589
3692178450
3451096278
3027145698
3052841679
3604982517
3084271596
3120476958
3587604912
3420871596
3289605147
3571280496
3901265784
3204617958
3520469718
3697140258
3014258679
3091628745
3590416872
3517849026
3629480715
3481279065
3872910645
3524018796
3172504689
3296710854
3721564980
3975014286
3518297406
3504961827
3862157049
3509128764
3816529470
3285149067
3271406985
3596708241
3085217694
3417296850
3560127498
3045127896
3415027968
3587642190
3179845620
3701829546
3896501742
3294015876
3687054912
3876419052
3789206154
3870215694
3406185972
3478951260
3561082749
3865247910
3051984276
3084167529
3867915240
3587610429
3472916805
3978610524
3582790641
3695107482
3459810672
3174280965
3480251796
3425976108
3497851026
3847209156
3907685241
3687540192
3165982047
3296481750
3827059614
3985721046
3197502468
3961802754
3146079285
3752419608
3574268019
3476215809
3267480591
3267508941
3476952108
3052486917
3469178052
3758104296
3605812479
3075942681
3498056127
3824619507
3621789540
3498725106
3912608754
3042876915
3210789654
3680947512
3196780524
3284751690
3416978502
3475692180
3947150268
3028147596
3251479068
3819750462
3457806219
3729408615
3289540176
3851472690
3178420569
3805671924
3641207958
3217954608
3564279180
3814527906
3546170892
3128057496
3029814756
3962705184
3740952168
3168547920
3546901287
3954721860
3925046871
3975608241
3291658074
3075428961
3174506982
3487591026
3210975684
3058192674
3219785640
3918265470
3712498065
3805216479
3859640217
3578964201
3819257640
3276510894
3059672148
3018742596
3702986541
3802476951
3159807642
3624185097
3478912056
3859107624
3816904572
3286075914
3984206517
3804762519
3968051247
3742980561
3257409618
3972615048
3907846152
3614298075
3409218765
3095274681
3970142658
3418567209
3160274598
3056148279
3276081594
3541072869
3578206419
3825469017
3895621407
3568017492
3942516078
3816427095
3765498012
3970162458
3702489156
3519842670
3074295186
3587264019
3164279805
3284075961
3240596871
3974601582
3145980267
3826957104
3492705816
3465801297
3547091286
3910546782
3519470268
3417982056
3758012964
3784210956
3067891254
3024859761
3901726485
3012576894
3017526894
3061529487
3142968075
3041752986
3420975618
3561908427
3250716849
3825019476
3876412509
3867549012
3291058647
3107458962
3952147086
3418697052
3687240195
3451860279
3689041572
3506729148
3451267908
3927681504
3085921467
3485962701
3927461508
3492671085
3105728964
3540721689
3954081726
3615209487
3658249701
3751294860
3241569780
3849051672
3495287061
3876942501
3705968241
3916582047
3698410257
3268794150
3725609814
3472861950
3067829541
3176504298
3962841075
3265789041
3589042176
3284901576
3149725680
3910468275
3064279158
3205789416
3201678549
3804216795
3460179582
3097658214
3160257849
3978054261
3957480126
3576124890
3250184796
3702954681
3259846701
3178954602
3467029851
3861504792
3760849125
3192547068
3460258791
3512087469
3256904187
3862071945
3960254178
3870952641
3741960582
3407896125
3195204768
3218647509
3164025879
3580467192
3928451076
3845197026
3815207694
3598614207
3456927108
3742058691
3018657492
3145872960
3019854267
3215678940
3502917486
3209186745
3167940582
3621504897
3062475198
3512809476
3125879460
3862509714
3169804275
3972061845
3062875419
3206841975
3109567248
3205967481
3450792861
3029745861
3267549018
3429065817
3514798062
3108259746
3901457286
3869475102
3970546218
3961054728
3957610824
3492865017
3087456219
3479856102
3589170264
3671854209
3640521798
3968217054
3974516082
3716590284
3946705281
3847692105
3458976120
3756481920
3182705496
3206598417
3495270618
3817459062
3182674590
3294510678
3809614257
3160842957
3286095714
3875420619
3086197452
3861924075
3148526079
3168705924
3794201865
3719845602
3987426501
3709156824
3802956714
3285710496
3921405867
3521784690
3102849567
3410298657
3748256109
3514829760
3789042156
3651084729
3861420579
3657840921
3586217049
3486579102
3578069241
3491027568
3907286541
3927580614
3658027914
3240916875
3097564812
3947215086
3408592716
3216085947
3867594210
3597681240
3657814920
3756104829
3609174825
3269574180
3754689120
3546187029
3951762804
3520716489
3049867521
3951042786
3628190475
3508629714
3925078614
3240618975
3807519624
3265784910
3907265418
3645279108
3591720648
3205614789
3256798401
3479281605
3098264751
3825716094
3475901826
3692758104
3096785142
3970542681
3176085294
3452796801
3056187942
3694728150
3647920185
3412897506
3246519708
3120847956
3450692178
3246750189
3827914506
3041759628
3078291564
3892046571
3514072986
3450782169
3450167289
3150749286
3765942810
3714980625
3514698270
3948725016
3518249670
3245186970
3581749620
3862410597
3182960754
3618204597
3682950147
3854967102
3265480971
3875260914
3976285401
3097862451
3156842097
3410569287
3658071924
3159702468
3571260849
3486759201
3201978645
3049651782
3759820164
3012754896
3782140596
3987045261
3142750968
3961807254
3156094872
3048596271
3972105846
3728049561
3809745162
3091547286
3964217805
3491867250
3271094658
3125087946
3125698704
3847625109
3275860194
3759821046
3468290157
3518726409
3862091547
3985601724
3280417695
3856907124
3029714658
3485207619
3207169584
3208417695
3501279846
3679540812
3561928047
3518094276
3286051497
3182647905
3762801945
3175690428
3674950812
3157692048
3946507128
3287459601
3820694175
3076921584
3085647921
3047592186
3681207945
3871620495
3901574862
3609548217
3465901728
3780926514
3149568270
3796815024
3106852947
3678219045
3592164708
3251064879
3280517469
3692145087
3156894207
3876415209
3195764280
3976281504
3520964781
3974158620
3485706129
3487159260
3456801927
3621950847
3587409612
3905248617
3940826157
3642758091
3789146250
3182579640
3621754089
3671249850
3781064952
3860512794
3208794165
3194765820
3469052187
3789054126
3591064872
3478601952
3462015978
3625980417
3742159680
3176045982
3065972418
3592084716
3249816057
3106954728
3958674102
3985642710
3968412705
3769845012
3485629701
3547690182
3124069875
3792058461
3701658924
3405617928
3107546829
3415879260
3520918674
3786051492
3150794268
3109562784
3046125798
3205867914
3628901754
3624907815
3648051279
3850647219
3172069458
3475902186
3678510942
3480172695
3712065849
3074825691
3910486527
3029167584
3259847610
3647280159
3709412658
3590872146
3018674592
3457289061
3718259604
3816542907
3526074918
3472869501
3502768491
3582496017
3578619402
3461582709
3468751209
3417960852
3867204915
3027458169
3209567418
3791520486
3496820517
3291504876
3067851492
3690725481
3096451287
3910568742
3206417589
3910478652
3602419785
3697041582
3514628970
3089675241
3640297158
3091475682
3790168542
3527098146
3427985601
3219840657
3820497561
3491827506
3817290456
3870914526
3728194605
3579624108
3874591062
3286071549
3671542089
3786194520
3574928160
3974568102
3578246910
3019247568
3128960475
3275684901
3407852196
3217906548
3569284071
3827016495
3061472598
3625147980
3165027498
3076458129
3685197024
3216789540
3541027869
3468210759
3827946501
3250167984
3256978014
3184596270
3548629701
3450981672
3907615482
3980275641
3028951467
3297805641
3865247109
3620871954
3724659081
3695714820
3765984201
3260791845
3264509781
3564728901
3127956408
3851649720
3562819740
3098475621
3094152876
3029718645
3912806475
3670549128
3527469180
3782049516
3852964710
3867512409
3025419687
3651974280
3729405816
3617829054
3865021974
3689521740
3694518207
3872596410
3874201965
3025861947
3284671095
3609142578
3501927684
3065294871
3726089514
3407961285
3086521974
3790628541
3084127659
3259178064
3259607841
3675042819
3267540198
3180945672
3485210679
3291847605
3708195426
3740251689
3478516902
3512489670
3420765189
3790124568
3245178069
3579821064
3028561974
3295471680
3705964128
3965421807
3480719265
3582041697
3426719058
3427569081
3591702648
3460295871
3598160274
3216540879
3258769401
3486719250
3054271698
3159420786
3540289671
3108725946
3724890156
3954876201
3275608419
3780241569
3458029617
3264159870
3096421578
3795482016
3916857420
3841957026
3201495786
3487261509
3196428570
3401597862
3016942785
3246518079
3048129675
3826149075
3950174826
3180724956
3476912085
3956701428
3620197854
3482097165
3956108247
3762051849
3082175496
3854260197
3980571264
3481957026
3476280915
3549780126
3146829570
3716024589
3610425798
3809127564
3961508427
3279658410
3546790281
3156278409
3681524970
3710985462
3812964075
3950164872
3802479615
3682954701
3206951874
3728590416
3204579681
3760549182
3698471502
3106824795
3518942607
3981465027
3269801745
3182756094
3781542096
3642915807
3761249805
3891427560
3614952078
3275816940
3719054628
3284519670
3967428015
3264908517
3569148702
3695071824
3017568249
3865702941
3421856907
3028915476
3924817065
3824169057
3897506241
3408265197
3158629740
3482705961
3716250498
3826059714
3061825479
3502718694
3105297846
3592701684
3186752904
3428967015
3641970528
3850749621
3296048715
3014895627
3715462980
3950164872
3154968702
3826401759
3894216705
3125649087
3089421756
3614078259
3682719405
3469082715
3519406782
3128465970
3064928517
3067241598
3857402961
3178492560
3976502418
3805124679
3615049728
3745610892
3648271905
3019256748
3461028795
3751894062
3715890624
3594162078
3968104527
3178904652
3169805247
3671284509
3679140582
3561478290
3820167459
3608795241
3819567240
3072541896
3246519708
3592847601
3614028795
3921857046
3762918405
3926174805
3641590287
3521794680
3207145986
3410679258
3824769150
3085746192
3190678254
3681907524
3019458276
3617902548
3540786219
3974850612
3214078596
3859062471
3086942571
3910876542
3194276805
3257106849
3958126074
3462819507
3609758124
3168745209
3685401792
3482917605
3789150624
3897146052
3756410982
3908475621
3068719254
3582961740
3812760594
3910875462
3781490526
3076241598
3760845192
3819254670
3058624179
3715904286
3698147205
3502916478
3798215604
3427506819
3624178590
3721506849
3290785164
3209487561
3467980521
3608714295
3084769125
3894120657
3846259071
3978041562
3086419275
3846507921
3286705419
3197425860
3845270196
3490685271
3146920758
3571806249
3819624057
3208769154
3197064285
3528910647
3215047869
3609215748
3865270194
3960584127
3716520849
3894275160
3957148620
3924580671
3542671908
3197028564
3578491602
3692410758
3256740918
3540817629
3981054276
3162578904
3591807642
3918570624
3185064279
3809172456
3841592067
3601592478
3019485672
3726589401
3824517906
3879506241
3610549278
3290641578
3028719654
3619872450
3275098641
3196408725
3570168924
3279510684
3142780596
3964710582
3607519824
3845902167
3761985402
3257189406
3459071862
3076581249
3025791468
3506197824
3249051876
3106549287
3190657482
3572816409
3261704895
3987064251
3852679140
3064821579
3451026987
3204961758
3184765092
3475826019
3067859241
3169457280
3246805791
3961584270
3725801964
3807516249
3067541928
3492087516
3452670819
3289507164
3267980415
3640827591
3046817592
3970856214
3569084127
3481627059
3126579048
3981540762
3209514768
3125798406
3094571268
3658297104
3790286451
3086749521
3107698452
3259478160
3458120697
3529067814
3129546087
3417296580
3407526918
3497210586
3098652714
3514068792
3529680741
3567410928
3704192856
3140268957
3694758201
3968520471
3126594708
3126740958
3490167258
3152647098
3216980754
3672098415
3692570184
3210867594
3064891572
3914582760
3462819570
3867190542
3857109264
3651072948
3874129056
3174856902
3905478261
3521674089
3652084197
3486907152
3720156489
3894705612
3265109784
3082941657
3089715462
3429657081
3605287419
3892107564
3571926804
3782145690
3981645027
3702956184
3196584207
3571492608
3652791048
3765891420
3149765820
3156984027
3418569027
3485970261
3285190476
3568120749
3692715048
3174509628
3250471869
3950426871
3579401628
3197245086
3697851420
3746029815
3768540921
3029471586
3427106985
3475102968
3740162895
3047265981
3985217406
3024516879
3467852190
3640728195
3694718502
3894126750
3405298176
3746150928
3964012875
3674258910
3748092651
3024968175
3456809271
3652074189
3647521809
3607894521
3012497658
3019762485
3654182790
3274905186
3947618520
3845710269
3514690872
3071564829
3601458792
3926574081
3784059126
3758910246
3504728691
3521946870
3217608954
3506842791
3915482607
3671092458
3507481962
3602817459
3289405716
3184670295
3268540791
3972084561
3419506827
3402895167
3861054729
3781625490
3815076492
3294651870
3897042561
3701849256
3459762180
3851940672
3601897524
3716840529
3160789452
3097561248
3684592710
3582710964
3270561894
3948506271
3670198245
3860795412
3876910452
3167809524
3971824650
3784602159
3729584106
3974802165
3102956784
3021467958
3791485206
3704189652
3401685729
3025749186
3257804961
3981527460
3046519872
3740985261
3687401529
3729681540
3248671509
3208761594
3590871264
3182057649
3921587604
3716240598
3085621497
3568714902
3419706258
3461987520
3682507419
3084276159
3850196427
3780249516
3401296857
3540621879
3215649807
3295864017
3586912407
3480962517
3459617208
3607451829
3806271954
3261097845
3170468529
3890576142
3482075196
3591624708
3849527061
3921675804
3986105427
3472068195
3572061489
3617290485
3465029718
3785091642
3842069751
3064219875
3278690541
3651489207
3801427695
3872410695
3961570248
3267849501
3705289164
3974621085
3275894601
3042681975
3972480156
3851067924
3478159026
3261509874
3015946872
3695741082
3704518629
3508624791
3402968157
3274105698
3481592706
3587190246
3496857120
3076915842
3290564178
3251648709
3819652407
3241786509
3472509861
3014598627
3051874269
3068917542
3168527904
3956840127
3650728419
3824705691
3851927046
3784569021
3620971485
3214805697
3280974615
3407189652
3806917524
3850624719
3480195267
3182956407
3216940785
3261497805
3924751068
3071648925
3865274019
3654870129
3521890764
3861950274
3584927061
3489126705
3089124765
3269015748
3862904517
3025849617
3096785142
3916820745
3906471285
3124968075
3528704619
3851769402
3705614928
3746128509
3524718096
3605982714
3168092475
3094187526
3506981724
3501629487
3047281569
3280564971
3749061825
3976104582
3916278054
3978165204
3751098246
3152086479
3869471520
3784159620
3502417869
3520847169
3487109526
3725908164
3258014769
3941052768
3129768450
3079615482
3289514760
3178549206
3418625097
3692054187
3260517498
3429186507
3729164850
3864071952
3485719620
3097264158
3648570291
3609124857
3840612759
3287094651
3691250847
3602548917
3108952746
3109562874
3198245760
3719426058
3240657198
3914082756
3214709586
3701596842
3650249187
3761280495
3286751904
3084172695
3465810927
3687125940
3968715402
3491850762
3986714250
3562874091
3407582961
3015974862
3710852649
3478592601
3619782504
3782160945
3457280619
3802719645
3769281450
3948172506
3260417859
3096871542
3708512694
3602748519
3568094271
3286974051
3718654902
3965012784
3204816957
3596024718
3470652891
3726894051
3560924718
3506891724
3840675912
3401785629
3486179250
3174602589
3482619057
3819524067
3652408197
3798652140
3675048291
3275806941
3425071869
3619075248
3940876251
3760491852
3826504197
3769048512
3241085769
3624107589
3698021475
3957860241
3729415608
3649705182
3402896175
3426591807
3105278964
3251460879
3195408627
3971528640
3596217408
3786205914
3072694518
3265410897
3675204891
3469720851
3729164850
3127968540
3082947615
3972514086
3126480597
3650149287
3457290168
3462197580
3046729185
3516980472
3401258697
3587041269
3614805927
3248056917
3864701529
3076154982
3801524679
3458120697
3784596021
3571269804
3098476125
3209468571
3528476091
3980546172
3684790152
3069278145
3278469051
3689172054
3028719654
3806572914
3790864521
3841062957
3574286091
3580742961
3147902865
3170526948
3247856019
3719480256
3407912865
3852076149
3769501284
3259847610
3291705684
3148925607
3401529768
3187426095
3127489650
3574908162
3562498710
3970265184
3701986524
3261890457
3105478629
3081957426
3691420587
3127065489
3072419586
3184756029
3460792851
3291564078
3506219847
3054187296
3248065197
3704856912
3451076982
3594816702
3729160548
3179520864
3742980156
3680721495
3075829164
3980621574
3957806124
3987041652
3952860714
3894761520
3196852704
3765219084
3786495210
3905742618
3548017926
3497051628
3946815720
3405968721
3079648512
3182907465
3756942108
3520617849
3927640185
3951640872
3081729654
3826095714
3457298061
3821796504
3190472856
3718502694
3706859214
3618579402
3489260751
3108249675
3807214695
3625841970
3809754261
3257940861
3694521870
3428961057
3406875129
3258467109
3409865712
3712865490
3647128095
3496012587
3869472051
3209654187
3481029657
3976058214
3526798140
3926150487
3497201685
3812465097
3204596178
3908142567
3197645802
3589061247
3214865097
3476508192
3790856241
3269170458
3027895164
3196704285
3941657028
3467195820
3605749182
3574829601
3724568910
3752486019
3129607854
3476902158
3251648097
3158294706
3957462018
3416087259
3046951782
3428067951
3241876905
3945287106
3018792564
3512768094
3156278049
3042571689
3917465208
3946752108
3904168725
3605198274
3689201547
3062478159
3842675910
3120459786
3794081562
3150672489
3280796514
3014629857
3958721046
3718405962
3425697108
3049251687
3915872604
3145296807
3791260485
3287406915
3925148607
3046927815
3078264519
3964127508
3462908517
3156879024
3591827640
3651724098
3246751809
3914678250
3695724810
3685294710
3945081726
3892576041
3624971850
3718402569
3260891547
3485091276
3248701659
3467812590
3265491807
3480625971
3405192786
3258916407
3250896417
3879014526
3527609184
3421679085
3279105684
3601524897
3841502967
3450821697
3207186945
3874091562
3156790284
3217846905
3147569028
3047519286
3019687245
3975820641
3715024698
3168475290
3742910856
3602987154
3041692578
3540891276
3164728950
3468715029
3064925187
3210475689
3587261490
3162480597
3861724095
3218407569
3790452861
3257804916
3879425610
3581920476
3409685712
3276189540
3687054291
3621059748
3719025684
3185074926
3849752061
3968401725
3945702816
3576291840
3507169842
3815297046
3128405796
3628407159
3524807619
3109678245
3064872591
3750926184
3572648910
3486092715
3207981546
3465827091
3296507481
3420786591
3170256894
3420859761
3905176482
3086421597
3672481590
3471586092
3065791248
3819046275
3251084796
3416082795
3957061284
3247605819
3680459712
3041892567
3854029167
3501647298
3296175840
3814572609
3078512946
3542709186
3451760892
3576829104
3065192748
3468107295
3590718426
3781492065
3026491587
3768492105
3689470251
3642578901
3875296140
3574869021
3920761854
3564902781
3540719862
3146279058
3608417952
3951607284
3092176548
3069578124
3578694201
3865702194
3756481209
3581097264
3578496201
3062541987
3159782604
3502914687
3076895214
3614587902
3295768140
3762981504
3258607419
3157260984
3649187520
3470596128
3982451067
3697402581
3849027156
3057482916
3689207514
3905861427
3672415908
3026451987
3647281095
3058749162
3682471590
3478592610
3284691750
3528917406
3462817095
3498057162
3657298410
3614852709
3670192845
3189546072
3014695287
3804951672
3269180574
3405172896
3806925147
3572408619
3509784216
3986571240
3692108574
3916820547
3017865924
3519642780
3182470965
3567104289
3742918065
3841695072
3054976128
3618204975
3158904627
3619402857
3609247518
3194285067
3562841097
3154967802
3607152984
3749125680
3618475209
3267591084
3208964157
3870256149
3721084695
3407618529
3240891675
3908576142
3410592867
3504867192
3928410756
3176982405
3862451907
3710842695
3741860295
3270418659
3274690851
3481560927
3510967842
3591764208
3614890275
3856240719
3126957840
3742095861
3962015784
3548279016
3051726498
3209687451
3972654018
3256087194
3947615208
3401956782
3691457208
3105892467
3259086471
3456201987
3082796415
3528690147
3169574820
3912567840
3021549867
3045827619
3719406582
3516974802
3462581790
3217846950
3196584270
3150746829
3197486052
3598102467
3497658021
3028519647
3105428976
3569784012
3548162097
3265907418
3509246187
3860754129
3745690128
3824970156
3716928045
3716052894
3796428051
3459260871
3481926705
3265891470
3574601289
3728465901
3798614502
3407512968
3046219857
3186205794
3670498215
3470891562
3092874516
3651894702
3869701425
3964781025
3204675819
3825469017
3406789251
3914506827
3782195046
3598764120
3192570468
3842756910
3426189507
3514860792
3718529640
3421709568
3496057812
3967145082
3564092781
3046178259
3176842905
3162408579
3142086579
3706958214
3654810279
3418906725
3460758219
3081456927
3901248657
3471295680
3716908425
3254091786
3978415062
3127956804
3572890614
3027645189
3571698042
3426157089
3615084729
3160782594
3049851267
3714629058
3069472158
3674820915
3025914768
3170684592
3076128594
3578124906
3586214709
3285790164
3814976250
3054179628
3127059468
3945718026
3752104689
3647805219
3628194750
3951086724
3217485690
3768241509
3148569027
3641892705
3085719264
3092541687
3457069281
3892715640
3752941860
3852604719
3018296547
3094826157
3048527691
3761804259
3650729148
3961784025
3760925481
3879541602
3091754628
3467289150
3681429570
3925807614
3742081569
3180429657
3926801745
3780421596
3516408297
3025198764
3825914706
3924817650
3501897642
3921475806
3529017486
3908526471
3907418526
3971658240
3695827104
3479605182
3759284601
3641079825
3698750124
3154702986
3684970152
3096874512
3746829105
3051847692
3461529870
3415287906
3718290456
3891027456
3520946187
3450278916
3286740591
3271964085
3921876054
3025187694
3564018927
3918046572
3894057126
3257084961
3864709125
3962570814
3716294850
3912705864
3102457968
3154692078
3802465971
3086497152
3206519847
3895217064
3102867954
3681049275
3085249176
3427168509
3927081465
3462187590
3592710684
3124586790
3194867052
3670258491
3507982461
3956120874
3746012589
3452671809
3529068471
3795402186
3125409786
3160459782
3452906817
3259018647
3850416927
3471856290
3028694571
3124905678
3870295641
3682910475
3854602971
3461278509
3729165480
3624978510
3687294051
3075986241
3458207916
3721856049
3120689754
3762095481
3205967814
3975261048
3764085219
3980726154
3012687549
3281659407
3615847902
3972815604
3125904678
3248095617
3126085749
3185297460
3512948076
3806942175
3982071645
3012649857
3564280971
3420785916
3761094258
3587902416
3514208976
3072548916
3671958024
3258914670
3746105289
3570629841
3496270851
3456092781
3710924685
3478961052
3950176842
3819045276
3286497051
3605721849
3806491572
3264790815
3075648912
3214809576
3570984621
3068254791
3507269814
3149207865
3849061752
3456189720
3829657410
3247086159
3867251490
3089612754
3640217958
3801627954
3580796142
3209418567
3605189274
3170869542
3279851604
3854620791
3589427106
3897641025
3072645891
3095147286
3142965807
